0.605890
-0.207260
-0.243866
-0.197177
0.020920
0.062481
-0.183116
-0.041812
-0.010310
0.241537
0.027494
-0.009096
0.339362
-0.088285
-0.107137
0.390578
0.034351
0.041189
0.004810
-0.057073
-0.004752
-0.017592
0.149369
0.020891
-0.066501
-0.189388
0.053356
-0.022743
0.015971
0.005517
-0.167824
0.144733
0.013970
0.019075
0.047238
-0.100307
0.000353
-0.006505
-0.008275
-0.057888
-0.198709
-0.259189
-0.042348
0.254326
0.209529
0.042043
0.045306
0.057987
0.061460
-0.295119
-0.720481
0.005124
0.277226
0.709220
-0.029573
-0.575483
0.317160
-0.102305
0.657592
-0.292234
0.158921
-0.005943
0.247172
-0.053672
0.036921
-0.193136
-0.213138
-0.130191
-0.267369
-0.108546
0.141597
0.291828
-0.000969
0.057837
0.024975
0.028552
-0.035506
-0.051151
0.036076
-0.019023
-0.005921
0.046793
