0.27952296 -0.24148916 1.716
-0.1277305 0.22864686 1.6
-0.08645994 0.6343581 1.645
-0.001347864 -0.5678918 1.817
-0.24494357 -0.20433669 1.941
-0.16559575 0.535972 1.674
0.07568549 -0.21989425 1.659
-0.037561852 -0.2524754 1.665
-0.24056801 -0.30839953 1.866
-0.17149086 0.27960017 1.643
0.097656064 -0.13753559 1.648
-0.12026777 0.30604514 1.617
-0.08063398 -0.5381595 1.817
-0.124776736 0.018751465 1.563
-0.18507554 -0.23846525 1.728
0.27000567 -0.26473448 1.715
0.0735413 -0.09056817 1.612
-0.0106328055 0.8395751 1.716
-0.0012388183 -0.2942239 1.67
-0.119300865 -0.06387181 1.604
-0.13382782 0.62510306 1.621
-0.23623616 -0.3451288 1.872
0.18346243 -0.3060281 1.737
0.0700507 -0.41189983 1.744
-0.011314395 -0.64540356 1.826
0.11677536 0.16776629 1.602
0.052371383 0.35831535 1.79
-0.01797709 0.0058871605 1.543
0.076565646 0.6786098 1.785
-0.097707614 -0.5049697 1.859
0.3093951 -0.2052388 1.726
0.018819347 -0.55327773 1.851
0.008520487 0.53449786 1.808
-0.1289699 -0.34333172 1.734
0.14191845 0.079783596 1.59
0.18927155 -0.2815077 1.792
-0.16199233 0.47028384 1.684
0.0130421305 0.6616634 1.753
0.085091986 -0.2299092 1.666
0.018727845 -0.5957996 1.842
0.033615045 0.48663375 1.832
0.03490195 0.2231006 1.656
0.041989006 0.61770695 1.764
-0.08388454 0.82874286 1.596
-0.08146681 0.94858193 1.55
-0.087297335 0.8758973 1.579
0.117650084 0.17782646 1.614
-0.21864793 -0.0680547 2.151
0.007903129 0.8662296 1.677
0.013146289 0.6139384 1.767
-0.071073525 -0.44122654 1.826
0.022565126 0.6605311 1.75
-0.12382955 0.6893976 1.606
0.09558206 -0.06862922 1.613
-0.22714277 -0.12988943 2.018
0.11808573 -0.40400237 1.751
-0.09160364 0.8974288 1.579
-0.12051508 0.49724856 1.682
0.068887636 -0.077091254 1.606
0.0684587 -0.05920058 1.596
-0.14300703 0.13925476 1.576
0.076873936 -0.045969125 1.59
0.016277567 0.16766155 1.601
0.007903129 0.8662296 1.677
-0.053616703 -0.098744385 1.602
0.35845408 -0.20369299 1.713
0.027681459 -0.43784353 1.772
-0.13300222 1.0034875 1.611
-0.2586988 -0.098404154 2.05
0.10496251 -0.07343572 1.622
0.030495744 -0.27015114 1.662
0.11410682 -0.2750275 1.692
0.0033732383 0.8266241 1.699
0.0492249 0.04784402 1.539
-0.109023824 -0.19135316 1.647
0.0036591396 0.49458197 1.843
-0.07668657 0.7610005 1.628
-0.15637152 -0.15787263 1.673
0.16337045 0.11297773 1.631
-0.2863733 -0.13740577 2.048
-0.03850936 -0.3472965 1.707
0.06816287 -0.3545182 1.697
-0.09322802 0.27785647 1.607
0.23353738 -0.2939928 1.722
0.06091995 -0.42407045 1.755
-0.15343097 0.014785435 1.595
-0.13047054 -0.5296933 1.893
-0.0693894 -0.25262704 1.666
-0.026136754 0.043334838 1.528
-0.16335063 0.036809992 1.607
-0.00600144 -0.38972086 1.73
0.18798295 -0.3104075 1.735
-0.11686093 0.34427983 1.631
-0.0013471222 -0.60224783 1.816
0.08514306 -0.23459351 1.667
-0.07122202 0.41691837 1.71
-0.15490335 -0.35807958 1.76
0.003166754 -0.07656324 1.595
-0.13782877 0.121287785 1.566
0.27063543 -0.24191135 1.719
-0.119077735 0.9535956 1.601
0.032815423 0.13757594 1.557
-0.047960203 -0.34831378 1.712
0.073678166 -0.09954569 1.615
-0.17650093 0.5091327 1.691
-0.14768626 0.47318453 1.678
-0.28682044 -0.066188015 2.092
-0.08957316 0.9828077 1.544
-0.066307284 0.9221844 1.592
0.03764184 0.5523482 1.786
-0.0100565525 -0.13544919 1.623
-0.14337361 0.312759 1.629
-0.15716255 -0.31459433 1.732
-0.17585352 -0.27176803 1.73
-0.028856482 -0.3202232 1.687
-0.034944933 -0.006763399 1.549
-0.15949126 -0.07958736 1.658
0.0032600688 -0.21316282 1.642
-0.15995719 0.21784642 1.617
0.13442266 -0.070543855 1.658
-0.10738146 0.16315846 1.558
-0.096152894 0.8608473 1.583
-0.118780226 0.23257354 1.597
-0.02595224 -0.60844517 1.805
0.029578304 -0.11694597 1.612
-0.12861003 -0.21653813 1.668
0.11849767 0.048714474 1.567
-0.12249908 0.57673657 1.647
0.007973819 0.8186039 1.692
0.084428 -0.1740178 1.653
0.027431514 0.32277524 1.756
0.02186883 -0.3543093 1.696
-0.11646409 -0.578522 1.835
-0.12845582 -0.21173492 1.666
0.040917855 0.29722172 1.719
0.18213217 0.07976534 1.681
0.03810551 0.3717802 1.808
0.33587778 -0.2650432 1.717
-0.09676685 0.4112273 1.668
0.023919035 -0.60506356 1.855
0.23906375 -0.30915514 1.728
0.22557661 -0.25806043 1.733
-0.18265916 -0.30831847 1.75
-0.087352626 0.87214303 1.58
-0.093268275 0.44811743 1.687
-0.005911245 0.8755288 1.704
-0.005658005 -0.16280554 1.631
0.003069468 0.005898607 1.546
-0.13363804 0.4629258 1.674
0.026259894 0.24480659 1.681
-0.041487236 -0.67006 1.839
-0.05537963 0.03087356 1.53
-0.080205396 0.08489569 1.526
0.0684587 -0.05920058 1.596
0.15977804 0.16746606 1.687
-0.08477805 0.76278687 1.613
0.10376214 -0.1944901 1.674
0.13844083 -0.412513 1.767
0.04763163 -0.15806614 1.628
0.0987414 -0.037366893 1.593
-0.0013419295 0.3374509 1.809
0.08646119 0.19020322 1.607
0.10614902 0.0017127732 1.574
-0.26474613 -0.1404078 2.011
-0.1305246 0.34958318 1.635
0.1426325 0.019171363 1.598
-0.10816328 -0.15419239 1.634
0.14272176 0.11948281 1.599
-0.11184544 0.0016986271 1.561
0.0033335297 -0.31412566 1.679
0.21139772 -0.27223933 1.733
-0.18015411 -0.11580193 1.726
0.24863286 -0.30933404 1.729
-0.079371534 -0.29227126 1.685
-0.15824072 -0.04307295 1.645
-0.0056198454 0.18290564 1.62
-0.13391037 0.6210651 1.622
0.34463987 -0.20381188 1.714
-0.26243678 -0.22157882 1.953
0.13709813 0.21398063 1.691
-0.075993806 0.08068103 1.525
-0.0106328055 0.8255353 1.716
0.047573112 -0.15343748 1.626
0.28387165 -0.2645801 1.714
-0.11647454 0.1682671 1.566
0.3272731 -0.1999507 1.721
0.12391893 -0.17432939 1.7
-0.11110328 0.6699917 1.612
-0.034786098 -0.39991096 1.754
-0.11109623 -0.46795478 1.915
0.023467733 0.37921134 1.82
0.013629882 -0.5925651 1.832
0.071456544 0.60840434 1.779
0.050152462 -0.023951564 1.568
-0.06714029 0.2655321 1.612
-0.09977196 0.9491841 1.572
-0.09565781 -0.55393875 1.82
0.024463411 -0.02819186 1.566
-0.12797001 0.24219084 1.603
-0.14284553 0.29390186 1.623
-0.116134636 -0.2738897 1.685
-0.118557096 0.8233571 1.594
-0.12699084 0.37909943 1.647
0.16306995 0.103890054 1.628
0.026556706 0.26611876 1.7
0.10375957 -0.40877774 1.751
-0.08737935 -0.49376515 1.855
0.22884108 -0.2799039 1.722
-0.056193788 -0.28207248 1.679
-0.1187537 -0.33645472 1.723
0.024447704 -0.54604524 1.896
0.015637038 0.10234123 1.538
-0.15683885 0.44572675 1.678
0.07394687 0.38358685 1.841
0.071054876 -0.43227783 1.769
-0.16477373 0.66046983 1.621
0.09316158 0.22202282 1.648
0.08476411 0.38206175 1.858
0.04664066 0.64437276 1.758
0.025260113 -0.13494845 1.617
-0.08242214 0.63331795 1.654
-0.0011357071 0.0559461 1.531
-0.13787319 -0.20768881 1.67
-0.110689744 0.72005713 1.606
-0.067631364 0.068159215 1.524
-0.12668242 0.36921707 1.643
-0.0012951958 0.73044753 1.746
-0.027590698 -0.11261949 1.613
-0.12375245 0.98224133 1.605
-0.09381823 -0.40697894 1.785
-0.0053006937 0.06833811 1.528
0.18441302 -0.35999298 1.746
-0.037967928 -0.30569413 1.683
-0.025118317 -0.39831495 1.747
-0.033140004 -0.27617127 1.671
-0.15949126 -0.07958736 1.658
0.0077806 -0.24134718 1.651
-0.08525108 -0.14421287 1.622
-0.06685371 -0.4765241 1.847
-0.11793568 -0.17328088 1.646
0.07798595 -0.090624355 1.613
-0.2792338 -0.07707946 2.078
-0.10458874 0.1999346 1.58
-0.109724835 0.22316186 1.592
0.0033136755 -0.28949597 1.669
-0.026598593 0.15860344 1.555
0.0323939 0.093891166 1.537
-0.006265087 0.5585335 1.806
-0.072779156 0.69504726 1.64
-0.08866743 0.43891576 1.687
-0.099736616 0.61081064 1.642
0.0999671 -0.28801733 1.687
-0.08997925 0.9576538 1.551
-0.041600034 -0.4707211 1.844
-0.23531757 -0.14465897 1.994
-0.12836917 0.68148535 1.608
-0.15171812 0.43045318 1.672
-0.03856253 0.109794244 1.525
0.12955815 -0.011335466 1.598
-0.0098892525 -0.076611236 1.596
0.042441268 0.35205147 1.783
0.15257998 0.014933752 1.611
0.081707485 0.5978548 1.791
-0.07624296 0.12267222 1.53
-0.2773525 -0.09344717 2.064
-0.16678283 0.45244992 1.686
0.058490094 -0.32903436 1.685
-0.031542 -0.48580813 1.844
0.2303029 -0.25333413 1.733
0.3434334 -0.22173087 1.708
-0.118631475 0.81082386 1.595
0.11383706 -0.24215235 1.688
-0.030224638 0.09309704 1.524
0.065015994 0.4566597 1.873
0.11058201 0.0017149496 1.576
-0.09011694 0.65080065 1.63
0.15600505 0.18223563 1.696
0.12880404 -0.05649748 1.644
0.007898416 -0.30899352 1.676
-0.115714535 0.6492162 1.615
-0.17178755 0.4443053 1.69
-0.16480438 0.37892923 1.666
0.021675415 -0.31908432 1.681
0.057865277 -0.27096388 1.667
0.0660432 0.6610045 1.764
0.061937034 0.043731887 1.542
-0.08188729 0.9364818 1.558
0.034670115 -0.21803859 1.645
0.027775189 0.57411915 1.778
-0.10713427 0.52664375 1.688
0.011420233 0.043533362 1.535
-0.0978111 -0.2878466 1.686
-0.113377735 0.5850088 1.645
-0.22211766 -0.3071388 1.799
-0.051489986 -0.4992654 1.838
-0.02595224 -0.5690639 1.805
-0.12988596 0.60966796 1.627
0.008237728 0.6836122 1.748
0.16337045 0.11297773 1.631
0.044836584 0.2691624 1.69
-0.19528876 -0.21104075 1.735
0.0323939 0.051973596 1.537
0.15004082 0.18520835 1.681
0.07403491 -0.39352697 1.726
0.055678405 -0.081369735 1.604
0.066013746 0.06463286 1.539
0.06866396 0.38212836 1.834
-0.022170834 0.14045593 1.542
0.044332504 -0.28984287 1.671
-0.041532356 -0.4900386 1.841
0.059600886 -0.38679233 1.717
-0.04745595 -0.32155195 1.694
-0.022314614 -0.011009164 1.552
-0.19067387 0.35295826 1.694
0.022771437 0.6087747 1.766
0.052263472 -0.17201759 1.634
0.109389186 0.08247982 1.559
-0.2492431 -0.055300955 2.112
-0.006178361 0.6090883 1.781
-0.051943276 0.1667628 1.552
0.051376622 0.65321773 1.756
-0.13906096 0.16546237 1.58
0.091464855 -0.34587234 1.7
-0.009517476 0.11896426 1.536
0.11451145 -0.3084187 1.698
-0.22965296 -0.19424866 1.946
0.24631576 -0.23618752 1.746
-0.18796735 -0.3091994 1.755
-0.0012195314 -0.21790604 1.644
-0.036749706 0.24611907 1.629
0.03972769 0.24305901 1.669
0.069337875 0.48184466 1.852
0.2351648 -0.31968662 1.734
-0.082991034 -0.045651097 1.579
-0.016562028 0.371527 1.856
0.04568556 0.7485848 1.722
0.11677536 0.16776629 1.602
-0.06807514 0.13972723 1.534
0.048948817 0.4749917 1.845
0.08929947 0.3697254 1.847
-0.032227714 -0.14004785 1.625
-0.021926692 0.40752748 1.882
-0.13841923 -0.077907294 1.623
-0.15655844 1.0205123 1.675
-0.09386617 0.31064707 1.618
0.03756159 0.16525292 1.578
0.071054876 0.6628781 1.769
0.20532447 -0.36809728 1.762
0.062097702 0.11973877 1.546
-0.050929703 -0.5235813 1.818
0.05463036 0.29066166 1.708
-0.030442793 0.022601848 1.535
0.062378865 0.1329871 1.553
-0.1446058 0.35129368 1.643
-0.10965591 0.8304856 1.591
-0.2577146 -0.1450217 1.999
-0.06616599 -0.66106665 1.828
0.06362403 0.17452113 1.584
0.093783416 -0.17012496 1.659
-0.10715131 -0.5268961 1.847
-0.119077735 0.25062126 1.601
0.11016102 0.12587935 1.57
-0.27667478 -0.15190364 2.018
-0.1042782 0.60222095 1.643
0.077792555 -0.07723527 1.609
-0.13713995 0.8130471 1.608
-0.18775313 -0.30406618 1.753
-0.0012024698 -0.13528228 1.621
-0.14434175 0.5832307 1.64
0.033279095 -0.045651097 1.579
0.016816424 -0.2508074 1.654
-0.02616791 -0.64824647 1.82
0.008774971 0.44889966 1.862
-0.023105402 0.19458587 1.607
0.09196737 0.044015493 1.552
-0.006452415 -0.4798781 1.86
-0.16371623 0.34483227 1.655
-0.009858271 -0.067693174 1.591
0.027556488 0.6128961 1.764
0.03189026 0.68918127 1.738
0.03214714 -0.42334554 1.752
-0.093518086 0.2919099 1.612
0.26641145 -0.23763724 1.722
-0.017195597 0.8587235 1.927
0.11100463 0.2082863 1.646
-0.16526295 -0.26519758 1.718
-0.1104841 0.11101818 1.542
0.025291355 -0.13953075 1.619
0.032351747 0.07702378 1.535
-0.106563054 0.45057142 1.679
-0.17979355 0.20714743 1.637
0.018799014 0.41550964 1.849
0.03898979 -0.19477473 1.638
-0.028343325 -0.23770523 1.657
0.116264865 -0.36486048 1.724
0.10560951 0.023058303 1.566
-0.057877142 0.21978226 1.599
-0.16314666 -0.21554767 1.696
0.016613081 -0.18984278 1.634
0.17012776 -0.3123755 1.746
-0.031493913 0.1879544 1.588
-0.15910648 0.35815647 1.654
-0.14758554 0.13090724 1.579
0.100043066 -0.06427001 1.614
0.108909935 -0.23684514 1.683
-0.15001571 0.20747533 1.605
0.101985775 -0.0068812887 1.576
-0.21981725 -0.08960517 2.106
-0.07505385 -0.60251945 1.802
0.008058647 0.766686 1.71
-0.12382955 0.6981574 1.606
-0.107699916 -0.135783 1.627
-0.12313562 0.8466837 1.597
0.027228434 0.67690325 1.743
-0.09456234 -0.15826033 1.63
0.095705435 -0.32597932 1.693
-0.0850241 -0.58383185 1.805
0.013213248 0.5831605 1.776
-0.11599679 0.47918442 1.683
-0.1373958 0.8277446 1.611
-0.18486132 -0.23348203 1.726
0.1103336 0.25760162 1.705
-0.19079766 0.19588445 1.655
0.0037008333 0.4544654 1.864
0.13944931 -0.3264872 1.72
0.016816424 -0.2508074 1.654
-0.06616599 -0.66106665 1.828
0.09961156 -0.26407057 1.681
-0.013635118 0.09334138 1.528
0.30670628 -0.2501181 1.711
0.3387753 -0.22173087 1.708
-0.10034494 -0.6019162 1.815
-0.07654525 0.77732515 1.625
0.059079457 -0.037015036 1.578
-0.11292019 -0.024073767 1.576
-0.08272824 0.19488269 1.574
0.029229678 0.17116827 1.593
-0.016053388 0.62015045 1.799
0.019960465 0.0059062378 1.548
-0.10614085 0.060474917 1.54
-0.11627369 -0.60755396 1.832
-0.118557096 -0.041737556 1.594
-0.06141489 -0.503455 1.835
-0.065261096 -0.6176054 1.803
-0.1838573 0.32596415 1.674
-0.20140393 -0.20773593 1.747
-0.124600604 0.96253 1.616
-0.10618224 0.5584651 1.673
0.2357073 -0.32516402 1.738
-0.123444036 0.757112 1.601
0.08131239 -0.046026945 1.592
0.008280141 0.65838146 1.757
-0.07612131 0.8038705 1.616
-0.09864327 0.648405 1.624
-0.27667478 -0.15190364 2.018
-0.039169416 -0.006763399 1.549
0.007983244 0.81495154 1.694
-0.08157194 -0.006776498 1.552
-0.123614736 0.41881335 1.662
-0.18819758 0.2936552 1.672
-0.11372235 -0.19170171 1.65
-0.037088104 0.2752868 1.644
0.008322556 0.6232236 1.766
-0.06212122 0.2193699 1.596
-0.0819924 -0.019574879 1.56
0.08050007 -0.23885287 1.665
-0.11458424 -0.34745857 1.731
0.05309508 -0.2517172 1.66
0.029394817 -0.09000633 1.602
0.08296583 -0.3772072 1.716
-0.019619845 -0.31965375 1.684
-0.06351671 0.10563521 1.525
-0.11434265 0.56284076 1.659
0.046900183 0.18535803 1.603
-0.08840306 0.80413556 1.599
0.0036829647 0.421917 1.855
-0.038663678 0.03502332 1.529
-0.031490684 -0.49505946 1.841
0.15305355 0.006165685 1.616
-0.09177554 0.6039249 1.66
-0.19091295 0.20051911 1.656
-0.14240547 0.6327715 1.618
0.18441302 -0.35999298 1.746
0.008303705 0.6410335 1.762
-0.12058672 -0.26438475 1.683
0.031615026 0.7255244 1.723
-0.09920074 0.96080047 1.563
0.03907501 0.46213984 1.854
0.07113521 0.6539677 1.771
-0.07282397 0.16190179 1.546
0.08323302 0.04809272 1.547
-0.11310204 0.5925371 1.641
-0.15117367 -0.14812493 1.666
-0.119357504 0.081897855 1.548
0.0077711744 -0.2365576 1.649
0.013793559 -0.64013135 1.854
0.06614243 0.04793728 1.542
0.008774971 0.45905587 1.862
0.007535541 -0.085476935 1.599
0.074939996 0.12427578 1.55
0.045993194 0.16033739 1.572
-0.14302468 -0.21313293 1.677
-0.032743357 -0.20982854 1.651
-0.10072398 0.8457101 1.587
-0.0011349653 0.064254895 1.53
-0.011494087 -0.4836471 1.855
-0.15188506 0.78618866 1.625
0.05578254 -0.09028725 1.607
-0.07744025 0.66087395 1.644
0.096324 0.107644014 1.554
-0.14354964 0.6022706 1.631
0.15239055 0.10267757 1.609
-0.005793297 -0.2942239 1.67
-0.0750379 0.86628544 1.593
-0.11385164 0.9594488 1.589
0.1934922 -0.34491572 1.742
-0.1842187 -0.21390703 1.72
-0.18078038 -0.26263508 1.732
-0.07923289 0.8559814 1.59
0.0031985207 -0.11247984 1.611
-0.010738142 -0.39039668 1.733
-0.021845138 0.35998964 1.875
0.36969724 -0.18835402 1.744
-0.18196952 0.43740427 1.699
0.07249073 -0.33461976 1.69
-0.030909108 -0.6239037 1.807
-0.011060348 0.6153244 1.785
-0.04681911 0.1013431 1.523
0.04149374 0.15099064 1.564
-0.06876465 -0.21883386 1.651
0.16781856 0.086289026 1.631
0.046461318 0.17496186 1.588
-0.16005611 0.65924746 1.618
-0.15295 0.03208429 1.59
-0.068341404 0.9802615 1.54
0.015708208 0.010108367 1.545
0.08175311 0.5933014 1.792
0.1067374 -0.3691335 1.722
-0.081475325 0.66617405 1.635
0.05373452 0.12411542 1.548
-0.11610265 0.15921542 1.561
-0.0011868918 -0.08553039 1.6
-0.035960115 -0.076515235 1.594
0.08298488 0.53278893 1.819
0.087847754 0.12035838 1.554
-0.0012959375 0.7261014 1.747
0.088186935 0.010206506 1.56
-0.14143732 0.6985922 1.607
-0.15824072 -0.04755925 1.645
0.17975415 -0.36496362 1.747
-0.13225919 0.75321597 1.602
-0.11428154 0.7977741 1.595
0.0126180565 0.7927867 1.696
0.018758345 0.409579 1.845
0.12559548 -0.3552508 1.723
-0.12828933 0.68982685 1.607
0.17539035 -0.37535006 1.751
-0.08233914 -0.37470695 1.748
0.069000915 0.38902986 1.843
-0.098886244 0.33920664 1.628
0.008289566 0.6495365 1.759
-0.10358005 0.6204432 1.632
-0.027351223 -0.085476935 1.599
0.003228302 -0.15343748 1.626
0.3566737 -0.26658684 1.727
-0.053984858 0.24810073 1.613
-0.06048645 -0.015261471 1.554
-0.13737784 0.41931736 1.664
-0.1262969 0.59145385 1.638
0.012528778 0.82851136 1.684
0.1565838 0.06310597 1.607
-0.17764908 -0.15132572 1.702
0.071054876 0.66770256 1.769
0.07460156 0.052176487 1.543
-0.014830868 -0.26561847 1.662
-0.09311199 0.26875627 1.605
0.05904549 -0.36463186 1.701
0.2614112 -0.2889605 1.72
-0.079681374 0.24158649 1.599
-0.17479356 0.66940254 1.632
-0.13244057 0.5492673 1.659
-0.11496295 0.4294234 1.668
-0.119077735 0.75274575 1.601
-0.1049859 0.8841057 1.586
0.024588384 -0.041213874 1.574
0.0035836932 0.54345626 1.805
-0.04459851 0.20145309 1.592
0.015687874 0.11529829 1.543
-0.09767143 0.7428808 1.608
0.06627504 -0.20070158 1.65
-0.030204805 0.08057522 1.523
-0.04584516 -0.6457532 1.813
-0.11628774 0.6258743 1.623
-0.011543658 0.5151916 1.863
-0.11530756 0.4443986 1.673
0.039108805 -0.2088118 1.643
-0.08884536 0.77309746 1.607
-0.087518476 0.20894864 1.583
-0.010663786 0.8748764 1.721
-0.114066586 0.8700834 1.592
-0.15995719 0.6985294 1.617
-0.11351558 -0.18236965 1.647
-0.13304621 0.07827824 1.56
-0.10758823 0.16772985 1.561
0.0030396867 0.064296894 1.531
-0.08685504 0.19022676 1.571
0.021378845 -0.26045746 1.658
-0.14346161 -0.07824331 1.63
0.10221253 -0.13312183 1.649
-0.044122268 -0.045535453 1.575
-0.12968948 -0.25046605 1.682
-0.14319526 -0.21796614 1.679
-0.165299 -0.07565419 1.671
0.011859187 -0.07216802 1.594
-0.062393684 0.9285563 1.603
-0.1062787 0.052142676 1.542
-0.047003556 0.03502332 1.529
0.012826373 0.27457747 1.724
-0.092273116 0.40692207 1.669
-0.17077103 0.5333113 1.68
-0.06074552 -0.64646554 1.815
0.079626895 0.13775265 1.559
0.007954968 0.8304793 1.688
0.12477418 -0.088203214 1.65
-0.07739314 -0.19985013 1.643
-0.10581699 -0.57007957 1.824
-0.07224663 -0.16694601 1.628
-0.09206775 0.8457101 1.587
0.19699122 -0.30969185 1.731
-0.05928878 0.31001976 1.638
-0.10944915 0.8982132 1.588
-0.16141514 -0.14461556 1.678
0.26532847 -0.26941168 1.715
-0.10903561 0.9336498 1.582
-0.16971646 0.64476913 1.626
-0.20578478 -0.32908916 1.785
0.050411116 0.8101068 1.723
-0.1607645 -0.2795788 1.72
-0.1282245 0.5460563 1.663
0.08880877 0.15166642 1.571
0.08453015 -0.18325548 1.655
0.018361827 0.36151817 1.806
-0.097306974 -0.08563731 1.602
0.0662304 0.63875574 1.769
-0.025118317 -0.39831495 1.747
-0.13923699 0.16998631 1.582
0.018626172 0.39170423 1.832
-0.12945817 0.4826246 1.679
-0.047618385 -0.006763399 1.549
-0.13347265 0.044384178 1.565
0.12399182 -0.16979289 1.701
-0.010669983 0.8894736 1.722
0.17532967 0.101404905 1.66
0.054880023 0.16987886 1.581
0.013711721 -0.5508865 1.843
0.06211206 -0.23799215 1.659
-0.07878439 0.8770067 1.581
-0.0063656894 0.52246195 1.835
-0.09241583 0.23199102 1.593
0.08813911 0.53893226 1.823
0.31807068 -0.20476317 1.722
0.032414977 0.039423957 1.538
0.09514014 -0.28274447 1.683
0.013168609 0.3205214 1.77
0.054156106 0.40586287 1.851
-0.06426642 0.9611305 1.543
-0.26454747 -0.09850016 2.052
0.14017804 -0.024745876 1.62
-0.09078038 0.3600361 1.642
0.055749837 0.7054246 1.743
-0.005630253 -0.13987549 1.623
0.01985731 0.026875408 1.54
-0.18729712 0.5963039 1.664
-0.020400446 -0.40400237 1.751
0.08134252 0.34232616 1.783
0.06930043 0.39576665 1.851
-0.074472636 0.88563025 1.581
-0.057465594 -0.34933105 1.717
0.11480724 0.010304646 1.575
0.022461971 -0.4114275 1.742
0.16320962 0.15257049 1.675
0.14316803 0.0017454182 1.604
-0.16295427 -0.21067356 1.694
-0.068181545 0.32322392 1.637
-0.1251759 0.0059825457 1.568
0.07552018 -0.0025602228 1.562
0.022668282 0.6347838 1.758
-0.13053763 -0.27057287 1.693
-0.077063404 -0.18561341 1.636
-0.021379108 -0.50845945 1.835
-0.107795 0.9827422 1.564
-0.063475065 0.101409644 1.524
0.13131116 -0.103305615 1.676
-0.06936209 0.9309618 1.563
-0.13572668 -0.12375105 1.644
-0.118780226 0.91637 1.597
0.13241188 -0.399227 1.751
0.028569119 -0.011044632 1.557
0.16014436 -0.34946585 1.741
-0.26145488 -0.16032745 1.986
-0.094816595 -0.015330216 1.561
0.03915641 0.21713236 1.645
0.09255993 0.1337578 1.562
0.09931527 -0.24500173 1.676
-0.10518449 0.8381087 1.589
-0.078186415 0.18998459 1.569
-0.17280404 -0.19287457 1.7
-0.005973688 0.20851082 1.722
0.040751234 0.7722517 1.712
-0.076027095 0.28346854 1.614
0.06266003 -0.006811428 1.56
0.042131823 -0.43734938 1.77
0.099374525 -0.2497215 1.677
-0.12781033 0.757112 1.601
-0.12030013 0.5192568 1.679
0.06507003 -0.121944465 1.62
0.0923795 -0.37274435 1.717
-0.07813658 -0.032504167 1.568
-0.17822088 0.32401693 1.664
-0.09067541 0.9437498 1.563
0.038021207 0.52347547 1.804
-0.1431885 0.14373505 1.578
-0.22778974 -0.09389992 2.074
-0.18528512 0.36530226 1.687
-0.07521993 -0.31249645 1.695
-0.055395953 -0.56320363 1.802
-0.08511832 -0.60911936 1.807
0.1470826 0.09331773 1.599
-0.104191564 -0.02833588 1.574
-0.123898596 0.073644154 1.552
0.15872745 0.12616718 1.629
-0.12080167 -0.26945412 1.686
-0.12777986 -0.3214222 1.718
-0.13036035 0.17827655 1.579
-0.11537649 0.5405374 1.674
-0.010775319 -0.39649096 1.739
0.035955753 0.78350323 1.706
-0.080573305 0.12709361 1.533
-0.07930265 -0.41230848 1.787
-0.0013040974 0.6827285 1.758
-0.016267553 -0.52999306 1.823
0.121900596 -0.037812572 1.612
-0.04106593 -0.14439069 1.624
-0.13204141 0.3942432 1.654
-0.07674128 0.014275592 1.54
-0.04909397 0.21079658 1.597
-0.11475618 0.41956934 1.665
-0.059552297 0.035046227 1.53
-0.12116029 0.61041737 1.629
-0.10896668 0.94168305 1.581
0.025697516 -0.22252488 1.645
0.12900895 -0.22147125 1.706
-0.051675525 0.1574815 1.544
-0.21817063 -0.125557 2.037
-0.15833691 0.333979 1.646
-0.19748424 0.3522453 1.713
-0.10135867 -0.06794846 1.597
0.003494349 0.6595056 1.76
-0.14759825 0.50949115 1.677
-0.1681508 0.16870879 1.611
0.13636847 0.20825458 1.682
0.025353843 -0.15315439 1.623
-0.090095274 -0.002545471 1.553
0.04106925 0.010127994 1.548
-0.16507867 0.7059824 1.624
-0.057551384 -0.06765062 1.59
-0.067015335 0.9057031 1.609
0.10082096 0.116419144 1.558
-0.06196553 0.21447836 1.592
0.04427412 0.42305422 1.86
0.18377928 -0.33977434 1.74
-0.11789401 -0.39635256 1.781
-0.097114936 0.4218373 1.674
-0.08078354 0.14000049 1.537
0.12479365 -0.33430672 1.712
-0.0011913426 0.1725651 1.606
-0.069056205 0.35450086 1.658
-0.1105519 0.74103284 1.604
0.026166163 0.8926051 1.675
0.13546361 -0.20559554 1.729
-0.05605991 0.3444313 1.675
0.041414145 -0.015330216 1.561
-0.017825631 0.03921889 1.53
0.008708994 -0.6430997 1.848
-0.14654209 -0.16165856 1.665
0.08335262 0.29808623 1.724
0.06432099 -0.3870176 1.718
-0.13382782 0.62510306 1.621
-0.25174305 -0.06596655 2.085
-0.005342322 0.123474 1.54
-0.17646341 -0.28691402 1.736
-0.106442206 0.27802938 1.608
0.0670382 -0.27128896 1.669
-0.060603224 -0.019537235 1.557
0.08184435 0.34933075 1.794
-0.0428056 0.039167628 1.528
-0.10458874 0.1999346 1.58
-0.091661654 0.87214303 1.58
-0.08436558 0.44047678 1.693
-0.13737784 0.41931736 1.664
-0.050569553 -0.1956071 1.645
0.12958752 0.1957661 1.654
0.11451145 -0.3084187 1.698
0.036657065 0.10667425 1.54
0.09200288 -0.3618976 1.71
-0.11370834 0.9192881 1.587
-0.12598847 -0.1229983 1.634
-0.1385898 -0.08243505 1.625
-0.18368319 -0.14780435 1.715
-0.10690557 -0.103950165 1.615
0.04137012 0.31472668 1.738
-0.023091024 -0.09899094 1.606
0.026369246 0.82587576 1.688
0.02396352 0.06860646 1.534
-0.1413493 0.7769963 1.606
-0.1537144 -0.23377322 1.694
0.03703063 0.63921446 1.757
-0.009579439 0.0016823047 1.546
-0.09206775 0.8457101 1.587
-0.16314735 0.049895808 1.605
0.058052756 0.88306224 1.815
-0.029455164 -0.3691335 1.722
0.050615918 0.7379082 1.73
-0.06838579 0.95988476 1.541
0.12900895 -0.21216592 1.706
-0.09305511 0.06851701 1.532
-0.093036346 -0.4816841 1.867
-0.0013656673 0.38860768 1.841
-0.07547035 -0.63551354 1.812
0.04065602 0.80305415 1.708
0.05187965 -0.1397893 1.622
-0.038865972 0.0142477825 1.537
0.022333028 0.7056963 1.732
0.040156152 0.87599576 1.687
0.12792806 -0.40492526 1.755
0.017944975 -0.43130034 1.765
-0.09359999 -0.30289328 1.693
-0.08167705 0.9425537 1.554
-0.24471217 -0.15459916 1.982
0.060839117 -0.14004785 1.625
-0.15674539 0.44088757 1.677
-0.12647304 -0.42838788 1.835
-0.08398966 0.8210652 1.598
0.19249254 -0.3005971 1.733
0.021378845 -0.26045746 1.658
0.064949535 0.20020668 1.617
-0.009461709 0.068293385 1.527
-0.12336694 0.8657285 1.6
-0.07871207 0.63527 1.671
0.033953525 -0.11247984 1.611
-0.12525573 0.0017073324 1.569
-0.15300667 0.59109277 1.637
0.03435397 -0.17604189 1.63
0.013250448 0.57508785 1.781
-0.06064511 -0.5366786 1.812
-0.15535487 0.675643 1.615
0.0030635118 0.0100952815 1.543
-0.104059175 0.95775855 1.572
0.018941354 -0.5416221 1.863
-0.106309175 0.44036174 1.675
-0.17378715 0.34691587 1.665
0.07460156 0.052176487 1.543
-0.1680265 0.5743295 1.653
-0.27990568 -0.07158409 2.083
0.04499843 0.05200741 1.538
-0.09846106 0.32006475 1.621
-0.059669066 0.026753249 1.533
-0.103992976 0.18594228 1.571
0.042475365 -0.08121755 1.601
-0.1526328 0.30907342 1.633
-0.054350745 -0.40310296 1.768
0.20643291 -0.31913352 1.731
0.056337938 -0.13987549 1.623
-0.09846106 0.32006475 1.621
-0.0059667495 0.7993146 1.72
0.17406222 0.07819946 1.648
0.021288585 0.20441635 1.651
0.008350831 0.31605092 1.772
-0.17430903 0.36162108 1.67
0.10527231 0.11238611 1.561
-0.034696776 0.14009158 1.538
-0.072164506 0.035092037 1.532
-0.119077735 0.95796186 1.601
0.09423566 -0.20731571 1.667
-0.14034997 -0.2716916 1.7
-0.1271717 0.2102686 1.593
-0.088935 0.05183834 1.533
0.09028119 -0.27275187 1.678
0.053574856 -0.29967293 1.675
-0.081475325 -0.18104091 1.635
-0.04952435 0.23461236 1.611
-0.09380815 -0.12171864 1.617
0.03549208 0.8652527 1.684
0.04496917 0.08550765 1.537
0.090391606 -0.05059017 1.599
-0.27396157 -0.07151537 2.081
0.15038854 -0.3536036 1.738
0.100559674 0.26102105 1.697
0.013116529 0.626973 1.763
0.05120107 0.67484903 1.75
0.008619453 0.38108656 1.829
-0.10575897 -0.5747388 1.823
-0.01828001 -0.036803927 1.569
-0.046335384 -0.21472067 1.654
-0.0012143387 -0.19019133 1.637
-0.08714321 0.38163137 1.658
0.026759787 -0.3812195 1.713
0.012491578 -0.31412566 1.679
0.23508704 -0.35026175 1.769
-0.101498105 -0.25794244 1.671
0.046695378 -0.06790591 1.596
-0.20746656 -0.21863289 1.758
-0.23858236 -0.15952015 1.976
0.10776755 0.17170551 1.598
-0.060447525 0.9546533 1.553
-0.1346534 -0.1005319 1.631
0.018534668 0.50413007 1.823
-0.005658005 -0.16280554 1.631
0.017660296 -0.40550938 1.737
-0.055524416 0.022587124 1.534
-0.11441157 0.40925497 1.66
-0.04717581 -0.30128312 1.684
0.012915651 0.70259154 1.736
-0.15174308 -0.41906294 1.838
-0.2616305 -0.23682787 1.947
-0.18539494 0.5496616 1.688
0.03821089 0.5112536 1.813
-0.13395737 0.4869134 1.678
0.11865113 -0.22413571 1.691
-0.10993596 -0.48373994 1.895
-0.09463438 0.9577269 1.558
0.14245398 0.114905976 1.596
0.058052756 0.88306224 1.815
0.09853195 -0.40215656 1.743
-0.18111269 0.4076742 1.691
-0.011357769 0.3369288 1.833
-0.078585066 0.8876904 1.577
-0.027453855 -0.0989293 1.605
0.36270183 -0.22678664 1.711
-0.08905103 0.12725942 1.535
-0.03522241 -0.41945764 1.776
-0.16035701 -0.093658276 1.667
0.05286877 0.524346 1.807
-0.2859538 -0.14278169 2.045
-0.019759655 -0.34043312 1.696
-0.096650824 0.5879335 1.666
-0.0013107737 0.28624502 1.767
-0.17457935 0.21515243 1.63
-0.04583113 -0.17222814 1.636
0.031413186 -0.38099694 1.712
-0.08488317 0.7549237 1.615
0.104134046 -0.2501682 1.68
0.057956275 0.12411542 1.548
-0.28721222 -0.12660484 2.054
0.09316158 0.22202282 1.648
0.06794397 0.17452113 1.584
0.0663569 0.026997572 1.547
-0.1299658 0.33032677 1.628
-0.12737635 0.56497127 1.652
-0.05628745 -0.4474283 1.831
-0.034561414 0.1270107 1.532
-0.08614459 0.35043845 1.639
-0.16179994 0.506423 1.682
-0.11041245 0.09413552 1.541
-0.09160967 0.60735244 1.657
0.059779942 0.42510125 1.869
0.2018286 -0.28625292 1.732
-0.15857229 0.17661452 1.603
-0.15718256 0.77717406 1.634
0.012268382 -0.2365576 1.649
0.14986935 -0.3334886 1.732
-0.18682274 0.5214216 1.701
0.01605389 -0.0499574 1.579
0.032569163 0.5779913 1.775
-0.19697714 -0.2605919 1.75
0.05360021 0.49163005 1.832
-0.0062963087 0.5464671 1.815
0.17488952 -0.36475474 1.746
-0.1666839 0.5073262 1.685
0.028040756 0.5404454 1.795
-0.0012692324 0.22584404 1.711
-0.08511832 -0.42677927 1.807
-0.045541715 -0.6120086 1.801
-0.05144124 0.14419225 1.537
0.07137549 -0.24778567 1.664
0.0035618537 0.559715 1.794
0.21188565 -0.32971412 1.737
0.0033375006 0.86829567 1.681
-0.17034271 0.24212147 1.632
0.09949304 0.24451531 1.679
-0.18989801 -0.1537263 1.729
0.069531046 -0.12201974 1.621
-0.10326271 -0.14022021 1.627
-0.23858236 -0.15952015 1.976
-0.12725921 -0.31077996 1.711
-0.08341151 0.21813287 1.587
-0.1759717 0.25719595 1.643
0.04507536 0.8822269 1.699
-0.058963016 0.29498833 1.629
-0.12661286 -0.024226518 1.586
0.024619628 0.15644725 1.576
-0.11234389 0.34406874 1.63
0.07880787 -0.13158798 1.63
0.003232273 0.17936896 1.628
-0.09200973 0.21367002 1.586
0.13735217 0.17611097 1.639
0.012074945 -0.14872809 1.623
-0.07612131 -0.13045779 1.616
-0.13217664 0.77894354 1.601
0.011926147 -0.094434276 1.603
-0.040459048 0.206829 1.6
0.007983244 0.81495154 1.694
0.08156373 -0.3202232 1.687
-0.19344923 0.6379312 1.678
-0.096650824 0.5879335 1.666
-0.08737935 -0.45329303 1.855
0.018026313 0.5870108 1.773
-0.0143936165 -0.108220465 1.613
0.01739595 -0.3761081 1.711
-0.058456276 0.2616218 1.615
0.0177213 0.6816568 1.743
-0.06772012 0.114028 1.526
-0.07442113 -0.2771629 1.677
-0.100533575 0.8959506 1.584
-0.16853476 0.34093562 1.658
0.029615002 -0.12589456 1.614
0.065781124 -0.4245537 1.757
-0.10800177 0.98035365 1.567
-0.08462037 0.28276604 1.61
0.14615141 -0.38336208 1.744
0.056133658 0.6672046 1.755
0.099374525 -0.2497215 1.677
-0.014768403 -0.2419319 1.655
0.22440511 -0.2896325 1.724
-0.005977157 0.7960097 1.723
-0.15945594 -0.2493872 1.706
-0.14148954 0.5492673 1.659
-0.11900336 0.7610028 1.6
-0.051006153 0.051534005 1.524
0.0077523235 -0.22252488 1.645
0.16640784 -0.39101145 1.757
0.015718374 0.11973877 1.546
-0.050817646 -0.5323238 1.814
-0.0011401579 0.114849955 1.537
-0.09864327 0.32951513 1.624
-0.009629009 -0.011023351 1.554
-0.12292486 -0.5550712 1.857
0.0032064624 -0.12156809 1.615
0.26262707 -0.30444247 1.728
0.11837047 -0.1545929 1.687
-0.1284615 0.1162697 1.556
-0.046757627 0.07632129 1.521
-0.0153841255 -0.37896574 1.724
0.2978951 -0.2645801 1.714
0.09350076 0.22734201 1.654
-0.04067509 -0.6176054 1.803
-0.06141489 -0.503455 1.835
-0.061750095 0.37406918 1.706
-0.010391151 -0.3091779 1.677
-0.08036307 0.11008223 1.529
-0.14251296 -0.19869876 1.671
-0.12078841 0.32508612 1.624
-0.17097434 0.529359 1.682
0.03387193 0.409801 1.846
-0.08972994 0.6745636 1.623
-0.019305276 -0.24674329 1.657
0.16236879 0.032709833 1.621
-0.11110328 0.2919099 1.612
-0.016597722 0.382473 1.86
0.024182223 0.0059062378 1.548
-0.1428541 -0.20831062 1.675
-0.0013567657 -0.54171365 1.829
-0.12080167 -0.26945412 1.686
-0.09341956 0.039423957 1.538
0.0030932932 0.14191332 1.558
-0.084462695 0.78624547 1.607
-0.0798807 0.2553061 1.603
-0.02142571 -0.5045524 1.839
0.3395687 -0.2082431 1.712
0.04730979 -0.12612857 1.617
-0.22965296 -0.19424866 1.946
-0.12879172 0.044242375 1.56
0.008350831 0.6011777 1.772
-0.001147576 0.0016833928 1.547
0.017324781 0.7686431 1.704
0.07810983 0.52344215 1.821
0.022242768 0.7216621 1.725
0.02894681 0.4618906 1.853
0.055238076 0.30802482 1.727
-0.08536231 0.9659643 1.544
-0.16025396 0.721916 1.62
0.021675415 -0.31908432 1.681
-0.179841 -0.24247427 1.723
-0.096476786 0.40092382 1.663
-0.124137975 0.6647696 1.61
-0.08372687 0.8358741 1.593
0.021598049 0.8514921 1.675
-0.08696561 0.9068885 1.573
-0.0693894 -0.25262704 1.666
-0.27036497 -0.14596483 2.012
-0.03656923 -0.13528228 1.621
0.09901898 -0.21237038 1.671
-0.0972967 0.07274258 1.533
-0.18649325 0.5390253 1.698
-0.027659118 -0.12171864 1.617
-0.12237797 -0.31023505 1.708
0.066941746 0.5675956 1.788
-0.11372235 0.38878983 1.65
-0.01099219 -0.42866153 1.774
-0.0535163 -0.08983778 1.599
0.2791972 -0.2599056 1.714
-0.14513388 -0.1106358 1.649
-0.06352245 -0.17180704 1.632
0.007841865 0.19694969 1.664
-0.036095038 -0.65321004 1.82
0.012692455 0.76954526 1.706
0.2519403 -0.23222104 1.752
0.011435113 0.035206567 1.537
0.24935187 -0.23929325 1.734
-0.1398691 0.35065225 1.64
-0.017779028 0.05992515 1.526
-0.15272626 -0.051697522 1.634
0.024354061 0.13775265 1.559
-0.2612274 -0.2417647 1.944
0.14372115 0.21701762 1.715
-0.0054151723 -0.023844637 1.561
-0.1132068 0.19562557 1.58
-0.029455164 -0.3691335 1.722
-0.09288126 0.43251276 1.68
-0.005526182 -0.07212275 1.593
-0.08178217 0.93952316 1.556
0.15220113 0.093784615 1.607
0.14272176 0.014822514 1.599
-0.10352961 0.96994597 1.564
-0.01585707 -0.4293864 1.777
-0.026427543 0.0016812164 1.545
0.091578744 -0.09101764 1.62
-0.040787887 -0.54535556 1.808
0.06679199 0.35224894 1.784
-0.14736256 -0.03366503 1.624
-0.014027753 -0.041161507 1.572
-0.09767143 0.7384954 1.608
-0.08660802 -0.36308345 1.738
0.12355472 0.027521117 1.577
0.077380635 0.54807514 1.804
-0.16375722 0.18628307 1.611
-0.091499105 -0.22839119 1.655
0.021830147 0.7960016 1.693
-0.08972994 0.6745636 1.623
-0.04706375 -0.29140398 1.68
-0.005668412 -0.17647389 1.634
-0.14251296 -0.19869876 1.671
-0.029010428 -0.33580774 1.696
0.059524063 0.4131309 1.861
-0.21383065 -0.25888908 1.771
-0.010700964 0.8025676 1.727
0.35761702 -0.22652155 1.709
-0.12768477 0.40375254 1.656
0.25910842 -0.31532088 1.736
0.008831522 -0.5141551 1.874
0.13706297 0.053562902 1.584
-0.1681508 0.16870879 1.611
-0.032961514 -0.24748783 1.662
-0.0012284331 -0.25562698 1.656
0.35295618 -0.23584323 1.709
0.050024524 0.15099064 1.564
0.2122516 -0.33502898 1.74
-0.15153663 -0.16669849 1.67
0.030807676 -0.31412566 1.679
0.051405877 0.6487979 1.757
-0.21479657 -0.21154106 1.779
-0.06626563 0.21434362 1.591
-0.09564559 -0.35197598 1.73
-0.20817463 -0.2578658 1.764
-0.122275956 -0.15513605 1.644
-0.14291629 0.044667784 1.575
0.27968585 -0.23694724 1.717
0.08371294 -0.14572436 1.639
-0.18684688 0.6039249 1.66
0.1292358 -0.31507754 1.709
-0.09386617 -0.12620658 1.618
-0.06021399 0.16200653 1.547
0.051347364 0.657632 1.755
-0.18560874 0.63140345 1.649
-0.084664576 -0.31786746 1.699
0.007318759 -0.006780864 1.553
-0.026067264 -0.54191923 1.813
0.114370994 0.19292547 1.63
0.008562901 0.5222924 1.817
-0.14600146 0.7257903 1.609
0.016430074 -0.13045779 1.616
0.13282683 0.114114024 1.585
-0.107633725 0.33435544 1.626
-0.122722216 -0.1782019 1.65
-0.16294405 0.1591275 1.603
0.08644692 -0.4369207 1.788
0.14430776 -0.29868907 1.722
-0.145926 -0.1338484 1.658
-0.059035413 0.29979867 1.631
-0.005488022 -0.054366797 1.582
0.011591352 -0.0153007535 1.558
0.122242376 0.22135621 1.677
0.013280206 0.56664324 1.785
-0.16992521 0.22376831 1.628
-0.19258736 0.398497 1.711
0.031248046 0.77283645 1.703
0.11472182 -0.082942344 1.635
-0.12290431 -0.037390348 1.594
-0.07946575 -0.297219 1.687
-0.031661734 -0.67443234 1.851
-0.10889777 0.9626326 1.58
-0.16658498 0.4427279 1.684
-0.011382555 0.34768394 1.837
0.10927877 0.30002138 1.763
-0.039751016 -0.041161507 1.572
-0.10237416 0.67920536 1.613
-0.18617153 0.23185284 1.654
-0.15843311 0.57673657 1.647
0.017772134 0.66931057 1.748
-0.06169307 -0.05879256 1.585
0.020837283 -0.13045779 1.616
0.00875612 0.46820414 1.858
-0.068847954 -0.22360708 1.653
-0.1460922 0.2388576 1.61
0.16587459 -0.0027142952 1.656
-0.070826545 -0.0809639 1.596
0.023235634 0.5327241 1.802
-0.042777587 0.043306477 1.527
0.007912554 0.8581046 1.679
0.10339023 -0.16649885 1.668
-0.050754003 -0.20982854 1.651
0.0035201597 0.30655852 1.773
0.051783696 -0.13069996 1.619
-0.1702628 0.5408603 1.675
0.12893333 -0.28179055 1.705
-0.14749208 0.07918145 1.578
-0.07687498 0.69165677 1.632
0.12439608 -0.07896334 1.645
-0.07696919 0.33154416 1.634
0.13232401 0.08784423 1.579
-0.031692237 -0.085423484 1.598
-0.2817476 -0.109853104 2.055
-0.18715225 0.4108083 1.704
0.16091458 0.17329085 1.699
-0.18495563 0.35546732 1.684
0.025385085 -0.15777487 1.625
-0.14276882 0.51771045 1.674
-0.075974345 0.4407511 1.712
-0.037268575 -0.20545024 1.652
0.02015388 -0.023875188 1.563
-0.026987454 0.8569182 1.877
-0.070205264 -0.054366797 1.582
-0.058673453 0.28027713 1.621
0.01168063 -0.036827385 1.57
-0.13300222 -0.055363405 1.611
0.008228302 0.6875918 1.746
0.07422804 0.49088383 1.848
0.09895972 -0.19857985 1.67
0.059149627 -0.36992216 1.704
-0.13662823 0.22456364 1.602
-0.049831763 -0.14412397 1.621
-0.16618928 0.52414775 1.68
-0.02189174 0.39150444 1.879
-0.09253185 0.81082386 1.595
-0.12916748 0.2974091 1.618
-0.25184453 -0.26399538 1.913
0.12106877 0.16329525 1.601
-0.06876465 -0.21883386 1.651
-0.047833573 0.17143618 1.556
0.054428764 -0.023951564 1.568
0.0033375006 0.1989618 1.681
0.1833568 -0.31532088 1.736
0.07542348 0.0016975389 1.56
0.119422965 -0.30914524 1.702
-0.0063171224 -0.62873745 1.821
-0.0910929 -0.5314467 1.828
0.15333767 0.12539266 1.619
0.026259894 0.8453733 1.681
-0.086799756 -0.032545626 1.57
-0.021880088 0.38617435 1.878
-0.12190407 0.59181494 1.639
0.07431686 -0.13594991 1.629
-0.25212023 -0.103589155 2.042
0.027462756 0.6347838 1.758
0.17042008 -0.3749213 1.749
-0.11900336 0.24610116 1.6
0.014106035 -0.50984937 1.896
-0.119300865 0.7235349 1.604
-0.19275752 0.26173565 1.672
-0.16518033 0.71084887 1.625
-0.0057759522 -0.27972046 1.665
-0.21395138 -0.26870054 1.772
-0.16846393 0.17782646 1.614
0.09334795 0.29998818 1.735
-0.248819 -0.22423291 1.93
-0.07588578 0.2741545 1.611
0.16781856 0.028463501 1.631
0.017284112 0.77611136 1.7
0.04353659 -0.19960685 1.641
-0.18729712 0.26955953 1.664
-0.103662126 -0.4939752 1.875
-0.19236223 0.39337033 1.709
0.026134921 0.87328875 1.673
0.063627504 0.4968974 1.833
0.052108064 0.57023066 1.781
-0.21812461 -0.16032745 1.986
-0.097695075 0.4519132 1.684
-0.07300105 0.3427487 1.645
-0.07181307 -0.67224616 1.845
-0.095363274 0.9436948 1.57
-0.27201325 -0.1980418 1.984
0.06686687 -0.4413028 1.786
0.08115916 -0.04160664 1.589
-0.11531239 -0.35916826 1.742
0.13162455 0.21258868 1.68
-0.12168094 0.35425875 1.636
-0.06801495 0.31798056 1.633
0.017101105 0.8321146 1.682
-0.1283787 0.42865103 1.665
-0.063600294 -0.17647389 1.634
-0.17307991 0.13397475 1.616
0.007276345 0.11958387 1.544
-0.1666839 0.5073262 1.685
0.016419906 -0.12597257 1.615
0.016867261 -0.26513904 1.659
0.0033652966 0.8431686 1.695
-0.14739862 0.09203382 1.577
-0.18111154 0.6134146 1.649
0.023674041 0.39756665 1.836
0.047144737 0.57864255 1.777
-0.011487891 0.3913518 1.854
0.2565719 -0.3275962 1.751
0.040346578 -0.3541004 1.695
0.15727063 -0.40173495 1.762
-0.030403128 0.026753249 1.533
-0.057164375 -0.33818373 1.708
0.25217602 -0.29382205 1.721
-0.11372235 0.38878983 1.65
-0.124384165 -0.3484622 1.736
-0.13923699 0.16998631 1.582
0.12384603 -0.25763106 1.699
0.0456325 -0.392159 1.72
-0.04515879 -0.121342264 1.612
0.0223975 0.6935219 1.737
0.2709503 -0.23749924 1.721
-0.09322802 0.27785647 1.607
0.06211206 -0.23799215 1.659
-0.1277305 0.22864686 1.6
-0.0012506873 0.8846727 1.686
-0.06757045 -0.3674001 1.736
-0.16688175 -0.16379459 1.687
-0.13774076 0.11694222 1.565
-0.060525373 0.17132598 1.555
0.008638303 -0.5578954 1.833
-0.11506968 0.27330363 1.606
-0.08087734 -0.14872809 1.623
0.13697644 0.07511513 1.583
-0.058311492 -0.12126699 1.611
-0.019934416 -0.3621092 1.711
-0.18199018 0.59379536 1.657
-0.17524362 -0.25672024 1.724
-0.04584516 -0.5320303 1.813
0.29426995 -0.3079661 1.748
-0.0013530566 0.36014688 1.824
0.07030314 -0.1636041 1.639
0.11058201 0.0017149496 1.576
-0.0609798 -0.44026002 1.822
0.017528122 0.7259455 1.724
0.029727887 -0.53768134 1.903
0.014143234 -0.49045604 1.901
-0.1604518 0.64318293 1.622
0.35378233 -0.20369299 1.713
-0.086565055 -0.20932017 1.647
-0.12945817 0.5009407 1.679
-0.058456276 0.2616218 1.615
-0.06414147 0.010075653 1.54
-0.05924091 0.07637146 1.522
0.050856136 -0.058978025 1.59
-0.013617272 0.07241042 1.526
0.14209697 0.0364664 1.592
-0.07984259 0.42712918 1.695
0.038585134 -0.14412397 1.621
0.037051708 0.6347838 1.758
-0.12922686 0.5137581 1.676
-0.03220788 0.2232185 1.624
0.22923976 -0.26627812 1.725
0.2259671 -0.25377268 1.736
-0.13770808 0.53405094 1.668
-0.2640493 -0.19614524 1.965
0.02269407 0.630706 1.76
-0.093518086 0.73593616 1.612
0.31566945 -0.24516492 1.709
-0.1367988 0.78477764 1.604
-0.15208107 0.44976634 1.676
-0.09340206 0.74819565 1.61
-0.13116327 -0.13263746 1.643
-0.12537165 0.61372775 1.626
-0.0773891 0.17110564 1.553
-0.1391868 0.3266875 1.632
-0.0866339 0.18546885 1.567
-0.06535184 -0.28207248 1.679
0.33042356 -0.259754 1.713
0.08846959 0.14255093 1.565
0.09607606 0.06509482 1.55
0.031504933 0.74172854 1.717
0.057581883 0.064590864 1.538
0.09700563 -0.36784732 1.716
-0.15256521 0.05795592 1.586
-0.1677333 0.1200806 1.607
-0.17307991 0.15160358 1.616
0.17529018 -0.3035458 1.75
0.06201737 0.03536691 1.544
0.1869479 -0.38907734 1.77
0.06833002 -0.05474482 1.593
0.09076542 -0.30642068 1.687
-0.120443426 0.48319948 1.681
0.0863178 0.26455337 1.69
0.023661148 0.48743063 1.835
0.15512846 -0.29672444 1.738
-0.05523485 0.043278117 1.526
0.011985665 -0.11247984 1.611
-0.06141489 -0.503455 1.835
0.007276345 0.11958387 1.544
0.1241376 -0.30468237 1.703
-0.06685371 -0.4765241 1.847
0.059641056 -0.059089307 1.593
0.081418686 -0.30587578 1.684
-0.06726524 0.27483523 1.615
-0.19079766 0.17783017 1.655
-0.12375245 0.98224133 1.605
0.06357219 0.2796982 1.698
-0.12945817 0.4872036 1.679
-0.051508185 0.010069111 1.539
0.27484304 -0.24616909 1.716
-0.09539501 -0.5672667 1.815
0.2137154 -0.35167384 1.752
-0.0808361 0.022646021 1.538
-0.015714295 -0.41591495 1.761
0.0703022 0.056311525 1.541
0.045420256 0.82828003 1.712
-0.26243678 -0.22157882 1.953
0.036271892 0.73406935 1.721
-0.0013226426 0.585459 1.783
-0.10816328 -0.15419239 1.634
-0.09116739 0.6179118 1.649
-0.15422176 -0.088203214 1.65
-0.04297369 0.022587124 1.534
-0.043618012 0.17154635 1.557
-0.12059118 0.005967284 1.564
-0.13688248 -0.17002241 1.658
0.047330454 0.56146044 1.784
-0.06789763 0.03921889 1.53
0.021610944 0.84742963 1.676
0.008119911 0.2650202 1.723
-0.09809661 0.684452 1.615
-0.075993806 0.08484006 1.525
-0.11736706 -0.024104316 1.578
-0.009814898 0.1702012 1.584
-0.056248333 -0.015261471 1.554
0.10955705 -0.29365888 1.693
-0.2106529 -0.31935295 1.785
-0.0772396 0.9443547 1.55
-0.1586255 0.57293975 1.649
-0.045541715 -0.56289107 1.801
-0.1771272 0.46002996 1.697
-0.15244587 0.6022706 1.631
-0.09463438 -0.011051725 1.558
0.21662286 -0.32971412 1.737
-0.22755024 -0.33978227 1.843
-0.06021002 -0.5867975 1.799
-0.07442113 0.38600475 1.677
0.05427314 0.46744815 1.855
0.01312397 0.31462407 1.764
-0.1162514 0.0017008034 1.563
0.119029865 -0.41685966 1.765
0.14422396 -0.30790275 1.721
0.016602915 -0.18527304 1.633
0.06940237 -0.11296859 1.618
0.3348997 -0.25493333 1.712
-0.09033809 0.34491307 1.634
-0.100455515 -0.57780254 1.817
-0.12908764 0.29281533 1.617
-0.056041516 -0.6592585 1.823
0.1004974 0.060985424 1.553
0.03412881 0.45349014 1.86
-0.15545107 0.23093334 1.616
0.05120107 0.67484903 1.75
0.0412273 -0.40434211 1.732
0.012499018 0.22175218 1.68
0.30309916 -0.2182166 1.717
-0.13381378 0.14719431 1.569
0.025213247 -0.12589456 1.614
0.018910853 0.45856282 1.86
-0.15561996 -0.2787661 1.715
-0.06522437 0.9327487 1.566
0.0033732383 0.8266241 1.699
-0.07824102 0.37326205 1.661
0.008364969 0.5925138 1.775
-0.13853367 0.4869134 1.678
0.08334062 0.039705925 1.549
0.0030913078 -0.015290934 1.557
0.08030667 -0.22015932 1.661
0.03948966 -0.25609007 1.659
-0.011066545 0.61079824 1.786
-0.028497273 -0.26625776 1.666
0.123352274 -0.41041192 1.758
-0.22651917 -0.26239744 1.795
-0.04065253 -0.56320363 1.802
0.007964393 0.8268543 1.69
0.067429245 -0.024012666 1.572
-0.088760965 0.08094556 1.53
-0.12480477 0.46860823 1.678
0.043324344 -0.1763659 1.633
-0.1165039 -0.3772793 1.76
0.082589276 -0.095259026 1.617
0.04153674 -0.41689506 1.745
-0.09621364 0.85275126 1.584
0.062898286 -0.30973098 1.68
-0.106706984 0.2919099 1.612
-0.01145691 0.38021106 1.849
-0.09548475 0.93632245 1.572
0.008496923 -0.45042053 1.803
0.042227037 0.5825038 1.774
0.13732256 0.03202375 1.587
-0.20198037 -0.24177726 1.752
-0.07624296 0.04339156 1.53
-0.1379928 0.2841711 1.618
0.13993576 -0.34174773 1.726
-0.13176385 0.21066457 1.596
-0.16538362 0.72059816 1.627
0.24307105 -0.29886255 1.723
-0.09142959 0.91721433 1.576
0.17003033 -0.36454582 1.745
-0.08862421 0.26404962 1.603
0.11016102 0.12587935 1.57
-0.13654293 0.22005716 1.601
-0.05355147 -0.37817162 1.742
0.027618973 0.5998206 1.768
-0.0011371907 0.04347664 1.533
-0.039928023 -0.0499574 1.579
0.08736554 0.5637709 1.807
-0.039321136 0.16708514 1.555
0.0971298 0.13845953 1.567
-0.061716106 -0.48580813 1.844
-0.13424061 -0.09135474 1.626
-0.0061436705 0.6732874 1.771
-0.031148579 -0.6535689 1.821
-0.001217306 -0.20408224 1.641
0.011702949 0.14756955 1.573
0.043908015 -0.2419319 1.655
0.10363817 -0.18513787 1.672
-0.030840686 -0.56843334 1.803
-0.07798709 -0.02817386 1.565
-0.08648436 -0.4436429 1.836
-0.25733048 -0.28516197 1.915
0.025853733 -0.25095904 1.655
0.21970336 -0.2896325 1.724
-0.08421609 0.43047825 1.69
-0.098275214 -0.3030722 1.694
-0.046972815 0.12251187 1.528
-0.0013849544 -0.47659233 1.867
-0.020551905 -0.4166235 1.764
-0.17535278 0.391277 1.68
-0.14600146 0.7477309 1.609
-0.26243678 -0.22157882 1.953
-0.15227662 0.11828723 1.583
-0.071980365 -0.14863645 1.622
-0.11657433 0.33456105 1.627
-0.1857213 0.6272864 1.65
0.34403664 -0.20812145 1.711
0.0032838942 -0.2508074 1.654
0.0630106 0.26345757 1.683
-0.16436712 0.2046166 1.617
-0.113929115 0.39400485 1.653
-0.055524416 0.022587124 1.534
-0.12501623 0.1597254 1.566
0.109520964 0.19221531 1.624
0.0036392852 0.5068954 1.833
-0.07300105 -0.2045797 1.645
0.14447537 -0.28493074 1.724
0.2827808 -0.3058519 1.736
-0.060914606 0.9406894 1.565
0.1240936 -0.06982055 1.641
0.03410106 -0.13503191 1.618
0.032697603 0.34699407 1.782
0.030972814 0.84429 1.688
-0.045859143 0.2830436 1.637
0.38352582 -0.24989893 1.742
0.008652441 0.49771065 1.836
-0.13347839 0.45325285 1.672
-0.15889515 1.0311077 1.7
-0.12953475 0.1600314 1.569
0.027322162 0.3167186 1.749
0.106613435 0.2739404 1.72
0.074553214 0.09419661 1.542
-0.005703103 -0.21342248 1.644
-0.25618893 -0.21017025 1.946
-0.16480438 0.37892923 1.666
0.0036392852 0.5068954 1.833
-0.0013033556 0.68713194 1.757
0.0032779379 -0.24134718 1.651
-0.2289449 -0.20423141 1.94
0.14218622 0.10165654 1.593
0.00826129 -0.41880634 1.753
-0.105647855 0.78956884 1.596
0.118160345 0.18301857 1.621
-0.06355836 0.051601633 1.526
-0.019177118 -0.20470406 1.646
0.10527231 0.035756312 1.561
-0.06714029 -0.121342264 1.612
-0.059669066 0.1354553 1.533
0.13272007 0.18036054 1.637
-0.10097785 0.8218075 1.591
-0.05527104 0.039141994 1.527
0.058559522 -0.33402574 1.687
0.013562922 0.5091018 1.823
-0.17493528 0.545754 1.676
-0.051546015 -0.49479055 1.84
-0.035396125 0.17714751 1.569
0.11402016 -0.06027628 1.625
0.058143474 0.0059253145 1.553
-0.13779064 -0.20301269 1.669
0.06316036 -0.33402574 1.687
0.032679256 0.5653735 1.781
-0.15995719 0.70293933 1.617
0.08965672 -0.0328773 1.586
-0.08916706 0.035206567 1.537
-0.15857229 0.01923135 1.603
-0.08266887 -0.38099378 1.755
0.07568549 0.23707822 1.659
-0.040787887 -0.6341106 1.808
0.35295618 -0.21719986 1.709
0.09856683 0.5815633 1.832
0.06760053 0.26345757 1.683
-0.23169315 -0.3134557 1.836
0.07699459 0.56492233 1.795
-0.021017935 -0.5933483 1.804
0.11582775 -0.015605197 1.589
-0.030857792 -0.5638287 1.804
-0.0059875636 0.21840957 1.726
-0.1113439 0.018643491 1.554
0.088017344 0.018679483 1.557
-0.21892035 -0.120414 2.044
-0.105526924 -0.5982819 1.819
-0.12934178 -0.34906438 1.739
-0.06083676 0.18073274 1.563
0.01576921 -0.002542193 1.551
-0.006178361 -0.43521017 1.781
0.028165445 0.07702378 1.535
-0.0994935 -0.33489254 1.715
0.051591787 -0.11261949 1.613
-0.062401623 -0.35545698 1.724
-0.12259589 -0.03296022 1.59
0.04478352 -0.3388273 1.688
-0.14472558 -0.35665542 1.753
0.035997905 0.7704474 1.708
-0.16992521 0.63668233 1.628
-0.07993053 0.25983983 1.604
-0.15525867 0.7192422 1.614
-0.16609037 0.41851825 1.679
0.09607606 0.07354925 1.55
0.012513898 0.84128904 1.682
0.06918812 0.4858439 1.848
-0.0058522713 -0.32942492 1.687
-0.08116152 0.49057326 1.723
-0.10604503 0.25951585 1.602
0.012104704 -0.16240625 1.627
-0.21355465 -0.12611175 2.046
-0.0012959375 0.7261014 1.747
-0.07848541 0.89515543 1.575
0.15673509 -0.39557797 1.756
-0.13993716 -0.2616472 1.695
0.03675228 0.01852352 1.544
-0.010700964 -0.38433513 1.727
-0.12465602 0.5228998 1.676
-0.05747899 -0.06323469 1.588
-0.11441157 0.40925497 1.66
-0.010515076 -0.34526196 1.697
-0.18682274 0.5214216 1.701
0.04029897 0.26964018 1.693
-0.118557096 -0.041737556 1.594
0.21512634 -0.28509602 1.725
0.03891838 -0.18549994 1.635
0.029290482 -0.5911329 1.875
-0.0064038485 0.3896631 1.846
-0.046531484 -0.23374914 1.661
-0.06279978 -0.36718848 1.735
-0.04563503 -0.15816323 1.629
0.15736331 0.023779795 1.615
-0.049678057 0.25296938 1.616
-0.12498613 0.62510306 1.621
0.0605396 -0.117308706 1.617
0.031101258 -0.3541004 1.695
-0.09363411 0.7148405 1.614
0.11865113 -0.18262996 1.691
0.003069468 0.005898607 1.546
-0.21282402 -0.13124111 2.039
0.11970759 0.0017225667 1.583
0.028275538 0.026892861 1.541
-0.1838573 0.32596415 1.674
-0.13646969 0.38949674 1.653
0.27900732 -0.31165984 1.742
0.2317647 -0.24542955 1.744
0.018758345 -0.5716113 1.845
-0.11124113 0.6576176 1.614
0.033486605 0.38523033 1.825
-0.011630406 0.49346805 1.877
0.00826129 0.6712251 1.753
0.017345116 0.26240534 1.706
-0.030960422 -0.5459588 1.81
-0.005977157 0.7960097 1.723
-0.00618183 0.6045703 1.782
0.046056986 0.70732605 1.736
-0.13547231 -0.36705273 1.757
-0.10237416 0.67920536 1.613
-0.13770808 0.43397242 1.668
0.03682369 0.124035254 1.547
-0.19066684 -0.23956925 1.736
0.11208081 0.27585164 1.732
-0.08321944 -0.26234254 1.67
0.056773357 -0.4385848 1.775
0.04579168 0.736202 1.726
0.067761205 -0.32942492 1.687
0.08360963 0.02288161 1.554
0.10277039 0.22337005 1.658
-0.09514247 -0.18606722 1.64
-0.087518476 0.8651645 1.583
0.058941353 0.2796982 1.698
0.099078245 0.23893598 1.672
-0.07588578 0.2741545 1.611
0.32220468 -0.20440644 1.719
-0.10445634 -0.032711465 1.578
-0.0013003884 0.69991016 1.753
-0.1419654 0.2568988 1.613
-0.1677333 0.10254994 1.607
-0.051106557 0.1182672 1.527
-0.024356285 -0.33541176 1.694
-0.102691494 0.6548348 1.618
0.041655757 0.6653037 1.75
-0.1771272 0.46002996 1.697
-0.10829568 0.3587205 1.636
0.0359136 0.8011735 1.704
-0.10085092 0.8294416 1.589
-0.054842606 -0.41648173 1.784
0.06323524 -0.33902803 1.689
0.11984395 -0.33352563 1.708
-0.1776832 -0.31273332 1.748
0.06074639 0.73212093 1.75
-0.10605531 -0.25338525 1.671
-0.14275752 0.6210651 1.622
-0.18673433 0.09681934 1.659
0.064949535 0.20020668 1.617
0.080393024 0.16054137 1.574
-0.15758307 0.13206792 1.593
-0.17672142 0.5957868 1.65
0.0703113 0.45787877 1.878
-0.026412336 0.8586965 1.837
0.032697603 0.34699407 1.782
-0.16294405 0.15475574 1.603
0.104072064 -0.24544029 1.679
0.07042362 0.44835037 1.881
-0.06639058 -0.076515235 1.594
-0.073222935 0.67678565 1.65
-0.011258629 -0.6273564 1.817
-0.050600298 0.30704486 1.646
-0.20073982 0.25699726 1.701
-0.14749208 0.07487788 1.578
0.1790339 -0.33977434 1.74
-0.08526255 -0.33411142 1.711
-0.06912737 -0.40492696 1.776
0.0032878648 -0.25562698 1.656
0.08261991 0.54526275 1.811
0.03189026 0.68918127 1.738
-0.16365558 0.1817766 1.61
-0.08516542 -0.56507885 1.808
0.023979142 0.060278572 1.535
-0.07923023 -0.2871637 1.682
-0.13531388 -0.11443481 1.639
-0.035976045 -0.5323238 1.814
-0.11041406 0.75321597 1.602
-0.23992339 -0.29742238 1.861
-0.22106463 -0.17997655 1.964
0.051581424 0.6317811 1.763
0.07460156 0.098465815 1.543
0.08315923 -0.3827773 1.72
-0.10928861 0.58263993 1.651
-0.069406465 -0.028155856 1.564
-0.050508074 -0.19088843 1.643
0.16956775 0.10966082 1.648
0.2952735 -0.21465321 1.726
-0.09369213 -0.11716361 1.615
-0.07868473 0.8845099 1.579
0.36482164 -0.19525713 1.721
0.33937034 -0.2501181 1.711
0.056928046 -0.18606722 1.64
0.0082424395 0.29286897 1.749
0.11604643 -0.019976415 1.592
-0.051909804 -0.01100207 1.551
-0.18966083 0.5808524 1.685
-0.021998297 0.11432689 1.53
-0.22001871 -0.24591728 1.782
0.28602472 -0.29484642 1.727
0.0469587 -0.09017488 1.605
-0.1104841 0.1026074 1.542
0.0539513 0.39929897 1.844
0.10056703 -0.4298697 1.779
0.09244142 0.12933204 1.56
0.018473666 0.37363088 1.817
0.14272176 0.11948281 1.599
-0.050397433 -0.5818912 1.799
-0.10518449 -0.04594021 1.589
0.097997576 -0.019838387 1.581
-0.2506386 -0.114052966 2.03
0.100559674 0.26102105 1.697
-0.11967275 0.677521 1.609
-0.13201152 0.21978226 1.599
0.04263455 -0.09905258 1.607
0.028459026 0.0016877454 1.551
0.008412096 0.3281058 1.785
0.097811624 0.15664577 1.578
-0.11160544 0.50302917 1.686
0.017802635 0.6609085 1.751
0.06815844 0.1794056 1.589
0.104648426 -0.42191213 1.766
-0.076442294 0.030954275 1.534
-0.080012694 -0.58318496 1.803
-0.092399135 -0.38164505 1.758
0.18346243 -0.3107653 1.737
0.042655498 0.5444294 1.792
-0.1813269 0.41277355 1.693
-0.10277367 0.5094338 1.692
-0.08036307 0.10591229 1.529
0.10655365 -0.011207783 1.58
0.062724985 0.5292741 1.807
-0.11034513 -0.06811865 1.601
0.06373164 0.38755226 1.836
0.013429005 0.53361094 1.805
0.14602427 0.16240336 1.636
0.028400052 0.50770545 1.818
0.024104115 0.018511523 1.543
0.09872824 0.5675022 1.835
-0.101993345 0.7292708 1.607
-0.23927961 -0.20402086 1.938
0.103797704 -0.04637388 1.604
-0.22677158 -0.27739233 1.797
-0.2088827 -0.2925333 1.77
-0.16199233 0.4886545 1.684
-0.0759285 -0.5250213 1.823
-0.09651735 0.83377516 1.589
-0.124215074 0.96833897 1.611
-0.1775447 -0.16515388 1.701
-0.084664576 0.45593855 1.699
-0.16274074 0.071602955 1.601
-0.07903355 -0.05882965 1.586
-0.053850982 0.2343211 1.609
0.021739887 0.815701 1.686
-0.07721966 -0.46821752 1.854
0.15843514 0.12150035 1.626
-0.114138246 0.82284063 1.593
0.06316036 -0.33402574 1.687
-0.10593302 -0.56572473 1.826
0.05515772 -0.054607358 1.589
0.03616651 0.74597645 1.716
-0.1465459 0.6448117 1.615
-0.1523533 0.47346655 1.679
0.07595521 0.44041952 1.891
0.11402016 -0.06027628 1.625
-0.16618563 -0.3714398 1.778
0.030954467 0.25488207 1.687
0.0288994 -0.04124006 1.575
0.077792555 -0.07723527 1.609
-0.0053666057 0.0016833928 1.547
-0.0011972771 -0.11709106 1.614
-0.005661474 0.18871135 1.632
-0.13470127 -0.3554347 1.747
-0.08916706 0.13580874 1.537
0.0036770084 0.4161838 1.852
0.14199516 0.17185049 1.641
-0.10056609 -0.56851685 1.819
-0.106071934 0.10240777 1.539
-0.17013396 0.03289144 1.63
0.048577387 0.49136168 1.831
-0.12729925 0.38902548 1.651
-0.11578619 0.645211 1.616
-0.11922649 0.7274556 1.603
0.31566945 -0.24516492 1.709
-0.043842126 -0.03244198 1.565
0.007954968 -0.33422375 1.688
-0.1792444 0.19316219 1.632
-0.18437059 0.15813468 1.638
-0.15232086 -0.3877236 1.786
-0.1841116 -0.20909455 1.719
-0.096253745 -0.3637102 1.741
0.03426967 -0.16230644 1.626
0.28921953 -0.22771446 1.718
-0.055343438 0.12259205 1.529
0.04297945 -0.13961694 1.62
-0.14821434 -0.21861523 1.684
-0.005661474 0.18871135 1.632
-0.022070188 0.12725942 1.535
-0.0839371 0.82490677 1.597
-0.05036942 -0.5962784 1.798
0.04106925 0.010127994 1.548
-0.0625883 -0.11227039 1.608
0.17628026 0.106506445 1.669
-0.11870585 0.22807524 1.596
-0.20174979 -0.23672861 1.75
0.07600366 -0.019725455 1.572
0.042131823 -0.43734938 1.77
-0.005526182 -0.07212275 1.593
-0.047034297 0.03087356 1.53
-0.089287646 0.72849685 1.615
-0.11659102 -0.57414263 1.837
-0.25092298 -0.27342558 1.906
-0.115790024 -0.26391345 1.68
0.1392061 -0.26972586 1.717
-0.16160753 0.51498425 1.68
-0.03262436 0.26648164 1.645
-0.010236244 -0.23698796 1.652
0.050557405 0.7511931 1.728
0.13640378 -0.38270265 1.741
-0.14362168 -0.22780055 1.684
0.012461819 -0.30424103 1.675
0.042631693 0.35851553 1.791
-0.07013911 -0.2920978 1.684
0.021997774 0.7602399 1.706
0.045420256 0.823611 1.712
-0.08067801 0.30200827 1.619
-0.0879316 0.6040917 1.673
-0.07955996 0.4164046 1.689
-0.1757703 0.53458107 1.684
-0.0882372 0.81568485 1.596
-0.009474102 0.093402475 1.529
-0.03268386 -0.19596383 1.648
-0.0797312 -0.08989397 1.6
0.28370607 -0.25508225 1.713
-0.15217182 0.45918185 1.677
-0.1056745 -0.23885287 1.665
-0.080573305 0.12709361 1.533
-0.10703796 0.30604514 1.617
0.2952735 -0.21465321 1.726
-0.0841999 0.25514683 1.602
-0.14515683 -0.26736948 1.702
0.12968953 -0.18989919 1.715
-0.14872368 -0.08314526 1.639
0.049426366 0.4542216 1.863
0.09076542 -0.30642068 1.687
0.0795331 -0.164203 1.645
-0.15747115 0.5955572 1.637
-0.11909831 -0.34214374 1.728
-0.15877013 0.18121208 1.605
-0.11599679 -0.26897466 1.683
0.09220439 0.027154634 1.556
-0.07010045 -0.56780285 1.801
-0.09283702 -0.49081376 1.863
-0.02191504 0.40218103 1.881
-0.274665 -0.11483954 2.044
0.012722216 0.25835705 1.71
0.057726424 -0.25670752 1.663
-0.10578025 -0.06363289 1.598
0.03328477 0.51153564 1.814
-0.12328982 0.86082655 1.599
-0.118780226 0.23257354 1.597
-0.06764009 0.29851195 1.624
-0.011227648 -0.56632906 1.812
-0.20770258 -0.21408169 1.76
0.10405655 -0.05087492 1.608
0.11677536 -0.033208977 1.602
0.018941354 -0.5416221 1.863
-0.0013152245 0.62569386 1.773
-0.16688175 0.48492417 1.687
0.15486069 -0.31987098 1.735
-0.09682105 0.8103155 1.594
-0.23760362 -0.09331136 2.061
-0.12892798 0.6404072 1.615
-0.13556154 -0.11912238 1.642
-0.13876037 -0.08697372 1.627
-0.018664485 0.18524238 1.602
-0.036233865 -0.66070503 1.827
-0.120371774 0.4737485 1.68
0.1493822 0.14349602 1.624
-0.060310427 -0.56320363 1.802
-0.06593243 0.20463143 1.583
-0.0011379325 0.039321426 1.534
-0.10738146 0.16315846 1.558
0.12314177 0.27472848 1.755
0.07586798 -0.23856597 1.663
-0.039928023 0.18688916 1.579
0.028789304 0.15147334 1.569
-0.07626262 -0.13953075 1.619
0.058177684 -0.29985183 1.676
0.007846576 -0.27972046 1.665
-0.11578619 0.645211 1.616
-0.010849675 -0.40877774 1.751
-0.058999214 -0.16715111 1.63
0.35929108 -0.25099522 1.717
-0.2469346 -0.13963978 2.0
-0.059513375 0.12259205 1.529
-0.2133672 -0.3431912 1.808
-0.15977983 -0.084261306 1.661
-0.078900486 -0.27226424 1.675
-0.21407212 -0.27368757 1.773
-0.11048298 0.26404962 1.603
0.0036194308 -0.56976706 1.823
0.011554152 -0.006780864 1.553
0.13195816 0.254127 1.745
-0.026273597 0.13153136 1.536
-0.1951762 -0.20146106 1.734
-0.13645765 -0.028803945 1.6
-0.09216255 0.40188816 1.667
0.0662304 0.63875574 1.769
-0.009957411 -0.09905258 1.607
-0.099736616 0.61081064 1.642
0.09178959 0.056603864 1.549
0.07048468 0.035389815 1.545
0.13232401 0.079231635 1.579
-0.14355147 0.014664927 1.582
0.1028707 -0.39107248 1.736
-0.0061367326 0.682176 1.769
0.017029934 0.8971733 1.675
0.08301418 0.29219326 1.717
-0.0012818432 0.77475643 1.728
0.029376466 -0.08558384 1.601
-0.0992945 -0.41438505 1.796
0.14735855 0.110968925 1.602
0.0840295 -0.4010029 1.738
0.026259894 0.8453733 1.681
0.047012087 0.5915124 1.772
0.03720454 -0.019612523 1.563
0.05360021 0.49163005 1.832
-0.0011757647 -0.05879256 1.585
0.23340175 -0.27504778 1.721
0.017294278 0.25699726 1.701
0.018727845 -0.5957996 1.842
-0.10651316 -0.5437869 1.836
-0.07593289 0.278721 1.612
0.024291573 0.13315836 1.555
-0.09119754 0.927748 1.572
0.05515772 -0.054607358 1.589
0.08162713 0.42764458 1.903
0.003395078 0.79000384 1.71
0.11752847 0.22566032 1.675
0.016430074 -0.13045779 1.616
-0.03813778 0.86743 1.923
-0.23009622 -0.07771004 2.095
-0.12313562 0.8466837 1.597
-0.05657409 0.18073274 1.563
-0.1099316 -0.054813553 1.595
-0.09518477 -0.5907116 1.811
0.15677868 0.050020155 1.609
0.103797704 -0.04637388 1.604
0.07768089 0.36251906 1.811
-0.12487915 0.47804555 1.679
0.09605612 -0.08665298 1.621
0.15229586 0.09822837 1.608
-0.14416572 0.336823 1.638
-0.032545034 -0.17275451 1.641
-0.14214143 0.6448117 1.615
-0.066307284 -0.072077475 1.592
0.01307189 0.6487979 1.757
-0.0911121 -0.20944726 1.648
0.0033335297 -0.31412566 1.679
-0.075993806 0.09315812 1.525
-0.005397827 -0.015281112 1.556
0.07093437 0.6810191 1.766
-0.11989723 0.13739921 1.555
-0.07798709 0.91508067 1.565
-0.043618012 -0.019537235 1.557
-0.060511235 -0.6341106 1.808
0.10852167 -0.18569152 1.677
-0.1859441 0.3804531 1.693
-0.043281842 0.15758349 1.545
0.024916438 -0.0722133 1.595
0.14901426 0.13872448 1.62
0.12559177 -0.024486199 1.603
-0.09754994 -0.50921655 1.856
-0.12854405 0.06963511 1.557
0.04568556 0.7485848 1.722
0.0323939 0.051973596 1.537
0.033974603 -0.11694597 1.612
-0.031751733 0.19822565 1.601
-0.15711926 0.48778397 1.681
0.04502769 0.04784402 1.539
-0.038587816 0.114028 1.526
-0.14080724 -0.12878063 1.651
0.18094034 0.07013442 1.67
0.05560898 -0.07689925 1.602
-0.05599496 0.16200653 1.547
-0.10736894 -0.12209501 1.622
-0.08085587 -0.52970237 1.822
0.17954837 -0.3597868 1.745
-0.10465492 0.9330596 1.581
-0.14208654 -0.1844735 1.666
-0.26880187 -0.06596655 2.085
-0.09216255 0.59737897 1.667
0.011464873 0.018487528 1.541
0.00826129 0.6712251 1.753
-0.06169307 0.9397429 1.585
0.08596027 -0.29651427 1.683
0.059304096 -0.045795653 1.584
0.08323302 0.05231175 1.547
-0.13304621 0.08678721 1.56
-0.15627806 -0.14409848 1.672
0.0036392852 0.5068954 1.833
0.017599292 0.28985488 1.731
0.07887898 -0.39421096 1.729
-0.026068334 0.07647183 1.524
0.017101105 0.8367018 1.682
-0.15775974 0.31487095 1.64
-0.12313562 0.8466837 1.597
-0.14327924 0.14813244 1.579
0.0353867 0.89015776 1.679
0.08745205 0.07762593 1.547
0.37846205 -0.23253512 1.719
-0.13818084 0.040244225 1.57
0.10587926 0.13444285 1.57
-0.079631545 0.2370773 1.598
-0.17350832 0.09012518 1.62
0.15611029 -0.38446116 1.749
0.08334062 0.11152215 1.549
-0.11600113 -0.10420763 1.619
0.012283262 -0.24134718 1.651
-0.062276915 0.2242833 1.6
-0.09360178 0.031095527 1.541
0.0836692 0.5171755 1.834
-0.11041406 0.25951585 1.602
-0.055703364 -0.5366786 1.812
0.06074639 0.73212093 1.75
-0.1425815 0.62913555 1.62
-0.011060348 0.6396649 1.785
-0.17511487 0.6260428 1.635
0.026556706 0.78074765 1.7
-0.2616305 -0.23682787 1.947
-0.005932059 0.8599574 1.71
-0.18012305 0.21647237 1.64
-0.0012529127 0.8770343 1.689
0.06076424 -0.13544919 1.623
0.06716638 0.5548223 1.794
0.17749383 -0.2976965 1.772
-0.18089187 0.61716235 1.647
0.09587835 -0.07766728 1.618
0.06652847 0.0143775605 1.551
-0.09073343 0.18084837 1.564
0.2978396 -0.30198473 1.741
-0.15462181 -0.25374204 1.704
0.12696719 0.21704118 1.679
-0.010019374 -0.12171864 1.617
-0.16199233 0.48406184 1.684
-0.0998581 0.60707104 1.644
-0.13705465 0.70297486 1.607
0.10909281 -0.41567874 1.76
0.07814904 -0.37654775 1.713
-0.07729893 0.66861874 1.641
-0.12487915 0.4826246 1.679
-0.08905103 0.043533362 1.535
0.106418766 -0.0068900213 1.578
-0.006344875 0.356146 1.829
0.05699725 0.351854 1.782
-0.11461834 -0.2249598 1.663
0.07193854 0.56854796 1.791
0.026181787 0.8565713 1.676
0.11970759 0.0017225667 1.583
0.05838596 -0.31927413 1.682
-0.0064697606 0.47505438 1.865
-0.07466106 0.8792256 1.585
-0.118557096 0.8146627 1.594
0.0625797 0.14191332 1.558
-0.10180294 0.7497818 1.604
-0.025966618 -0.61370766 1.806
0.040751234 0.7722517 1.712
0.00875612 0.46820414 1.858
-0.12495352 0.49665728 1.68
0.022642493 0.6436397 1.756
0.1322402 0.070574306 1.578
-0.079681374 0.24158649 1.599
-0.040003885 -0.054366797 1.582
-0.098391235 0.53839046 1.696
-0.23080178 -0.13977943 2.002
-0.24314645 -0.3374228 1.886
-0.16783768 0.1333115 1.608
0.2840373 -0.24134845 1.715
-0.14767902 0.057736672 1.58
0.016948598 0.21548997 1.667
-0.14240547 0.6327715 1.618
-0.093212985 0.58119714 1.686
-0.06301645 0.27993134 1.619
0.057731643 0.10681279 1.542
-0.07034736 -0.30217767 1.689
-0.09875647 -0.0025503885 1.556
-0.24027438 -0.24717543 1.904
-0.12541538 0.16880435 1.571
-0.15434958 -0.24865629 1.701
0.045844745 0.3082032 1.728
-0.021996597 0.44486985 1.888
-0.17243025 0.3081641 1.652
-0.105864905 0.5658941 1.668
-0.03181123 -0.09886766 1.604
-0.0991292 0.62934494 1.632
-0.081729606 0.17132598 1.555
-0.0324657 0.25179222 1.637
-0.1385045 1.0027272 1.624
-0.13812087 0.45352393 1.673
-0.17858543 0.16584516 1.626
-0.12783898 -0.19263117 1.658
0.0073800236 0.14691286 1.566
-0.18660308 0.53007567 1.699
-0.043786097 0.17647007 1.563
-0.005311101 0.097700045 1.531
0.0764388 -0.03277365 1.581
-0.11372235 0.5777871 1.65
0.02396352 0.072790034 1.534
0.35626063 -0.19100648 1.725
-0.18440647 0.34067485 1.679
-0.0012454946 -0.31412566 1.679
-0.14291629 0.048963174 1.575
-0.04602217 -0.51919377 1.82
0.078952916 -0.14073731 1.633
-0.037426498 -0.23346768 1.659
-0.21745285 -0.3222155 1.801
-0.12760767 -0.18325548 1.655
-0.110985644 0.03548144 1.549
-0.09408771 0.010134538 1.549
-0.119280405 0.090283014 1.547
-0.09171966 0.8683832 1.581
-0.095059566 0.18096401 1.565
0.04762229 -0.44842198 1.795
-0.04058485 -0.5867975 1.799
-0.06963931 -0.26721668 1.672
-0.05165807 -0.46569207 1.844
0.0032898502 -0.26030037 1.657
-0.016383559 0.55278987 1.836
0.061301786 0.6376725 1.766
-0.075178795 -0.6182905 1.805
-0.14208654 0.53795415 1.666
0.10549771 -0.33699575 1.702
0.06755793 -0.028353885 1.575
-0.097707614 -0.5049697 1.859
-0.08956408 0.6821529 1.62
-0.095363274 -0.028263872 1.57
0.026338002 0.83409345 1.686
-0.09810117 0.5552502 1.691
0.2684227 -0.3104075 1.735
-0.09380815 -0.12171864 1.617
0.10522137 0.19688652 1.626
-0.08371776 -0.28224048 1.68
0.08968936 -0.22550091 1.667
0.093567304 -0.019813292 1.579
-0.10683937 0.29667383 1.614
-0.05542401 -0.2240129 1.656
0.0072999084 0.12842008 1.549
-0.0013419295 0.3374509 1.809
0.14455917 -0.27568707 1.725
0.28888282 -0.2742487 1.716
-0.09649876 -0.5237581 1.836
0.09824552 0.165986 1.585
0.073723786 0.20008287 1.616
-0.08242214 0.63331795 1.654
-0.04067509 -0.6176054 1.803
0.23947878 -0.24832092 1.731
0.033911373 -0.10795209 1.609
0.071536876 0.5993739 1.781
-0.14282554 0.057517417 1.574
0.053132083 0.5120996 1.816
-0.07331169 0.6731006 1.652
-0.1759717 0.046596296 1.643
-0.06542968 -0.28699297 1.681
-0.21637282 -0.11081531 2.073
-0.19517851 0.31581223 1.693
-0.0012818432 0.24693862 1.728
-0.06576784 -0.5282487 1.817
0.049384825 0.026945217 1.544
0.040679824 0.8454719 1.709
-0.12776187 0.5576432 1.657
0.091518655 0.27091432 1.701
-0.06976426 -0.27226424 1.675
-0.01124004 -0.62137336 1.814
-0.09299437 0.09352465 1.531
0.063721955 -0.36484626 1.702
-0.061187066 -0.041161507 1.572
-0.058492474 -0.134865 1.616
0.04065602 0.8170285 1.708
-0.05784095 -0.0897816 1.598
0.079928264 0.32204 1.752
-0.08696561 0.9068885 1.573
-0.16599353 0.26008412 1.633
0.046003927 0.31400234 1.734
-0.092821926 0.25046474 1.6
0.19778785 -0.28250465 1.738
0.2357073 -0.32516402 1.738
0.0791527 -0.40031072 1.735
-0.16814846 -0.3905458 1.799
0.08575597 0.25367337 1.679
-0.0011987608 0.17804682 1.616
-0.045794584 -0.5363824 1.811
0.23864871 -0.25686917 1.725
0.03542885 -0.31908432 1.681
-0.14591072 0.22979009 1.608
