4
175
177
304
391
433
479
527
637
705
870
906
917
1001
1016
1023
1046
1090
1101
1221
1246
1265
1309
1312
1403
1469
1488
1619
1653
1661
1824
1846
1882
1900
2080
2085
2102
2190
2263
2328
2465
2541
2662
2752
2783
2968
3040
3103
3124
3145
3190
3213
3218
3225
3396
3424
3508
3573
3644
3763
3920
4030
4055
4159
4356
4405
4424
4488
4507
4530
4545
4571
4572
4722
4750
4789
4875
4924
5122
5133
5168
5192
5281
5309
5343
5473
5474
5588
5658
5689
5789
5907
5989
6056
6141
6190
6241
6296
6393
6506
6512
6531
6590
6617
6625
6644
6824
6860
