0.002998151 0.049590573 1.6914026
-0.045706682 0.14001551 1.6861877
0.069217905 0.13114432 1.6594299
-0.02832792 -0.07132557 1.6594537
-0.05432041 0.49240142 1.8764743
0.21032035 0.480665 1.783419
-0.031221837 -0.17200434 1.7577597
0.034692578 0.820874 1.5999593
0.12658912 0.8479341 1.5727006
-0.029298257 -0.21960196 1.7872945
0.010181677 0.9353633 1.6836318
0.22309181 0.93045664 1.652732
-0.021736374 -0.42469046 1.8477724
-0.101901 -0.32376996 1.8337654
0.04654136 -0.33777586 1.7991356
-0.028760944 -0.48407635 1.9336495
-0.20734686 -0.32334337 1.9107436
0.1615077 -0.3724189 1.8188846
-0.2302042 -0.112388074 2.0632644
0.3497229 -0.1856828 1.797636
-0.099430345 -0.192568 2.2838154
0.40684494 -0.15065321 2.0622575
-0.07993092 -0.24345389 2.3537605
0.42948735 -0.15805683 2.1486704
