2 0
0 1
3 0
6 3
7 3
14 12
133 0
0 132
132 133
0 134
134 132
3 134
3 135
135 134
7 135
136 135
138 14
138 140
141 140
144 145
145 140
146 140
148 147
147 145
148 149
151 152
152 150
153 150
146 139
159 160
160 158
158 159
160 161
161 158
163 164
164 162
162 163
164 165
165 162
164 159
159 165
158 165
167 168
168 166
166 167
168 169
169 166
168 170
170 169
170 171
171 169
148 172
172 149
172 173
174 175
175 148
177 171
171 176
176 177
170 176
179 180
180 178
178 179
180 181
181 178
183 179
179 182
182 183
178 182
186 184
184 185
186 187
187 184
192 7
161 194
194 195
160 194
167 197
180 198
198 181
202 200
200 201
202 203
203 200
185 204
204 186
185 205
208 206
212 210
215 217
208 218
218 219
185 220
220 203
184 220
203 221
221 200
210 219
224 213
213 223
205 203
186 225
225 226
234 232
232 233
137 13
245 157
248 163
163 247
247 248
162 247
176 249
249 177
249 250
250 177
252 253
253 251
251 252
253 254
254 251
226 187
226 255
255 187
256 212
256 257
133 258
258 259
132 258
163 134
134 164
163 132
164 135
135 159
136 159
136 260
260 160
15 265
267 266
266 154
154 267
146 268
268 154
195 166
169 161
169 158
171 158
171 165
177 165
177 162
250 162
250 247
167 269
269 168
269 270
270 168
271 272
272 170
170 271
272 176
270 271
271 168
196 269
176 274
274 249
272 274
214 285
296 174
174 295
148 295
298 153
153 297
299 209
300 205
205 223
300 204
208 213
204 301
301 225
304 302
302 303
304 305
1 133
133 235
259 335
335 232
232 259
335 336
236 13
13 264
239 13
339 264
361 221
377 378
378 380
382 268
382 267
269 179
179 270
271 251
251 272
271 183
183 251
270 183
254 272
254 274
253 384
384 254
384 385
385 254
386 387
387 178
178 386
387 182
388 386
386 181
199 388
387 390
390 182
390 252
252 182
391 252
391 253
377 392
187 394
394 184
187 395
395 394
184 396
396 220
394 396
220 397
255 395
255 398
398 395
399 400
400 255
255 399
400 398
392 405
245 392
141 52
144 143
143 295
142 295
382 405
405 267
250 411
411 247
411 412
412 247
274 413
413 249
413 414
414 249
235 5
183 252
422 255
422 399
226 304
304 422
257 424
424 423
426 211
132 248
248 258
301 423
423 305
301 257
259 235
338 233
300 257
300 212
144 148
139 15
440 441
441 151
223 202
202 224
296 153
412 248
412 444
444 248
445 446
446 399
399 445
446 400
386 395
395 387
386 394
388 394
388 396
387 398
398 390
400 391
391 398
385 274
385 413
297 441
441 452
222 211
256 453
193 136
265 245
201 224
201 299
389 396
157 377
446 457
457 400
457 391
145 268
144 141
298 174
212 223
460 305
460 302
305 225
405 266
463 445
445 422
584 585
585 587
586 587
589 590
590 588
588 589
590 591
591 588
589 592
592 590
589 593
593 592
595 596
596 594
594 595
596 597
597 594
598 599
599 601
601 598
599 600
600 601
603 604
605 602
607 608
608 606
608 609
609 606
612 610
610 611
614 615
615 617
617 614
615 616
616 617
619 620
620 618
621 618
624 622
622 623
624 625
627 628
628 626
626 627
628 629
629 626
631 632
632 630
630 631
632 633
633 630
634 635
635 637
635 636
636 637
643 644
644 642
642 643
644 645
645 642
621 646
646 618
621 647
647 646
650 648
648 649
650 651
600 652
652 601
652 653
653 601
655 656
656 654
657 654
659 660
660 658
658 659
660 661
661 658
663 664
664 662
664 665
665 662
593 666
666 592
593 667
667 666
669 671
671 668
669 670
670 671
673 675
675 672
673 674
631 676
676 632
677 676
665 678
678 662
679 678
681 683
685 686
686 684
684 685
686 687
687 684
689 660
660 688
688 689
660 690
690 688
692 685
685 691
691 692
684 691
694 596
596 693
693 694
596 667
667 693
593 695
695 667
695 693
696 697
697 695
695 696
697 698
698 695
699 700
700 696
696 699
700 697
701 584
584 702
587 702
670 689
689 671
688 671
638 704
678 705
705 662
657 662
707 708
708 706
706 707
708 709
709 706
710 711
711 609
609 710
721 633
633 720
720 721
632 720
723 724
724 722
722 723
724 725
725 722
727 728
728 726
726 727
728 729
729 726
732 730
730 731
732 733
733 730
709 734
734 706
709 735
735 734
642 736
736 643
736 737
737 643
739 740
740 738
741 738
607 743
743 742
743 744
744 742
747 745
747 748
750 751
751 749
749 750
751 752
752 749
758 760
762 763
763 761
761 762
763 764
764 761
766 767
767 765
765 766
767 768
768 765
770 771
771 769
772 769
778 779
779 777
777 778
779 780
780 777
782 711
711 781
783 781
785 787
787 784
785 786
789 627
627 788
788 789
626 788
792 790
790 791
792 793
794 795
795 725
725 794
795 722
797 798
798 796
796 797
798 799
799 796
632 800
800 720
676 800
799 801
801 796
799 802
802 801
804 805
805 803
806 803
808 809
809 807
807 808
809 810
810 807
812 813
813 811
814 811
807 816
816 808
807 815
815 816
818 803
803 817
818 804
820 817
817 819
820 818
819 586
586 820
819 821
808 822
822 809
822 823
823 809
813 806
806 814
805 814
425 824
824 825
825 426
827 828
828 453
830 831
831 676
676 830
831 800
833 834
834 832
832 833
834 835
835 832
837 838
838 836
836 837
838 839
839 836
840 841
841 843
843 840
841 842
842 843
844 845
845 802
802 844
845 801
846 830
830 677
677 846
847 848
848 850
850 847
848 849
849 850
852 853
853 851
851 852
853 854
854 851
856 857
857 855
855 856
679 855
859 860
860 858
858 859
860 861
861 858
863 864
864 862
862 863
864 865
867 868
868 866
866 867
868 869
869 866
838 870
870 839
870 871
871 839
847 873
873 848
847 872
872 873
875 876
876 874
874 875
876 877
877 874
879 880
880 878
881 878
882 883
883 885
885 882
883 884
884 885
845 886
886 801
886 887
887 801
889 890
890 888
888 889
890 887
887 888
892 893
893 891
891 892
893 894
894 891
895 896
896 727
727 895
896 728
898 899
899 897
897 898
899 900
900 897
901 851
851 903
903 901
851 902
902 903
848 904
904 849
904 905
905 849
877 906
906 874
877 907
907 906
909 910
910 908
908 909
910 911
911 908
913 914
914 912
912 913
914 915
915 912
916 917
917 861
861 916
917 858
918 919
919 855
855 918
919 920
920 855
922 923
923 921
921 922
923 924
924 921
925 926
926 924
924 925
926 921
928 929
929 927
927 928
929 692
692 927
931 694
694 930
930 931
693 930
822 866
866 823
866 932
932 823
934 935
935 933
933 934
935 936
936 933
937 867
867 822
822 937
939 846
846 938
677 938
631 654
654 677
940 941
941 618
618 940
941 619
942 687
849 944
944 850
849 902
902 944
905 902
905 903
945 946
946 948
948 945
946 947
947 948
950 951
951 949
949 950
951 952
952 949
954 955
955 953
953 954
955 956
956 953
906 957
957 874
957 873
873 874
959 960
960 958
958 959
960 961
961 958
962 852
852 901
901 962
908 963
963 909
963 964
964 909
966 967
967 965
965 966
967 968
968 965
970 971
971 969
969 970
971 972
972 969
973 959
959 974
974 973
958 974
976 977
977 975
975 976
977 978
978 975
980 976
976 979
979 980
975 979
979 981
981 980
981 982
982 980
984 982
982 983
983 984
981 983
983 985
985 984
985 986
986 984
988 989
989 987
987 988
989 990
990 987
992 993
993 991
991 992
993 994
994 991
996 997
997 995
995 996
997 998
998 995
1000 1001
1001 999
999 1000
1001 1002
1002 999
1004 1005
1005 1003
1003 1004
1005 1006
1006 1003
1003 1007
1007 1004
1007 1008
1008 1004
1007 1009
1009 1008
1009 1010
1010 1008
1012 1010
1010 1011
1011 1012
1009 1011
1013 1014
1014 1016
1016 1013
1014 1015
1015 1016
1018 1019
1019 1017
1017 1018
1019 1020
1020 1017
1021 1022
1022 975
975 1021
1022 979
1023 1024
1024 981
981 1023
1024 983
994 1025
1025 991
994 1026
1026 1025
954 1027
1027 955
954 1028
1028 1027
1029 1030
1030 1032
1032 1029
1030 1031
1031 1032
1007 1033
1033 1009
1007 1034
1034 1033
1003 1034
1003 1035
1035 1034
1036 1037
1037 1001
1001 1036
1037 1006
1006 1001
1000 1036
1000 1038
1038 1036
1039 1040
1040 996
996 1039
1040 997
1013 1042
1042 1014
1013 1041
1041 1042
1043 1044
1044 1046
1046 1043
1044 1045
1045 1046
1043 1019
1019 1047
1047 1043
1019 1048
1048 1047
1049 1050
1050 1002
1002 1049
1050 999
1051 1049
1049 1005
1005 1051
1002 1005
1052 1053
1053 1010
1010 1052
1053 1008
1012 1044
1044 1054
1054 1012
1044 1055
1055 1054
1057 1058
1058 1056
1056 1057
1058 1059
1059 1056
1061 1062
1062 1060
1060 1061
1062 1063
1063 1060
1064 1065
1065 1049
1049 1064
1065 1050
1066 1064
1064 1051
1051 1066
1067 1068
1068 1053
1053 1067
1068 1069
1069 1053
1070 1067
1067 1052
1052 1070
1072 1070
1070 1071
1071 1072
1070 1073
1073 1071
1070 1054
1054 1073
1052 1054
1075 1076
1076 1074
1074 1075
1076 1077
1077 1074
1078 1079
1079 1056
1056 1078
1079 1057
1080 1081
1081 1063
1063 1080
1081 1060
1083 1084
1084 1082
1082 1083
1084 1085
1085 1082
1087 1088
1088 1086
1086 1087
1088 1089
1089 1086
1091 1092
1092 1090
1090 1091
1092 1093
1093 1090
1095 1096
1096 1094
1094 1095
1096 1097
1097 1094
1098 1099
1099 1101
1101 1098
1099 1100
1100 1101
1102 1103
1103 1098
1098 1102
1103 1099
1105 1106
1106 1104
1104 1105
1106 1107
1107 1104
1109 1110
1110 1108
1108 1109
1110 1111
1111 1108
1113 1114
1114 1112
1112 1113
1114 1115
1115 1112
1117 1118
1118 1116
1116 1117
1118 1076
1076 1116
1116 1119
1119 1121
1121 1116
1119 1120
1104 1122
1122 1105
1123 1105
1124 1125
1125 1127
1125 1126
1126 1127
1129 1130
1130 1128
1128 1129
1130 1131
1131 1128
1133 1134
1134 1132
1134 1113
1113 1132
1112 1135
1135 1113
1135 1132
1117 1136
1136 1112
1112 1117
1136 1135
1116 1136
1121 1136
1138 1139
1139 1137
1140 1137
1142 952
952 1141
1141 1142
951 1141
1144 956
956 1143
1143 1144
955 1143
1027 1145
1145 955
1145 1143
1013 1146
1146 1041
1146 1147
1147 1041
1016 1146
1016 1148
1148 1146
1057 1149
1149 1058
1057 1150
1150 1149
1152 1079
1079 1151
1151 1152
1079 1153
1153 1151
1155 1087
1087 1154
1154 1155
1086 1154
1156 1157
1157 1105
1105 1156
1157 1106
1123 1156
1123 1158
1158 1156
1160 1161
1161 1159
1159 1160
1161 1162
1162 1159
1164 1165
1166 1163
1167 1030
1030 1011
1011 1167
1030 1045
1045 1011
1023 1022
1022 1034
1034 1023
1022 1033
1035 1037
1037 1024
1024 1035
1037 1168
1168 1024
1169 1170
1170 1038
1038 1169
1170 1036
1028 1041
1041 1027
1028 1042
1171 1172
1172 1174
1174 1171
1172 1173
1173 1174
1052 1012
1008 1069
1069 1004
998 1061
1061 995
998 1062
1015 1059
1059 1016
1058 1016
1058 1148
1149 1148
1176 1177
1177 1175
1175 1176
1177 1102
1102 1175
1175 1071
1071 1178
1178 1175
1073 1178
1072 1101
1101 1085
1085 1072
1101 1082
1179 1180
1180 1066
1066 1179
1180 1064
1181 1182
1182 1183
1183 1181
1182 1180
1180 1183
1185 1186
1186 1184
1184 1185
1186 1187
1187 1184
1188 1189
1189 797
797 1188
1189 798
1191 1192
1192 1190
1190 1191
1192 1193
1193 1190
1194 1195
1195 1193
1193 1194
1195 1190
1194 1197
1197 1195
1194 1196
1196 1197
1199 673
673 1198
672 1198
927 1200
1200 1202
1202 927
1200 1201
1201 1202
860 1203
1203 861
1203 920
920 861
1204 1205
1205 912
912 1204
1205 1206
1206 912
881 1207
1207 878
1207 1208
1208 878
1209 1210
1211 768
768 1212
1212 1211
767 1212
1213 727
1213 1214
1217 1215
1215 1216
1217 1218
1219 812
812 1220
811 1220
826 827
827 426
1222 1223
1164 1221
1225 1226
1226 1224
1224 1225
1227 1224
850 1228
1228 847
1228 1229
1229 847
833 853
853 834
853 1230
1230 834
1233 1231
1231 1232
1233 1234
1236 750
750 1235
1235 1236
749 1235
818 1237
1237 742
1239 1240
1240 1238
1241 1238
1243 1244
1244 1242
1242 1243
1244 1245
1245 1242
843 1246
1246 840
1246 1247
1247 840
1249 1250
1250 1248
1248 1249
1250 1251
1251 1248
1253 892
892 1252
1252 1253
892 1236
1236 1252
1254 1255
1255 1257
1257 1254
1255 1256
1256 1257
1259 1260
1260 1258
1258 1259
1261 1258
902 854
854 944
854 1262
1262 944
1262 1263
1263 944
831 844
844 800
802 800
799 720
720 802
799 721
798 721
1265 1266
1266 1264
1267 1264
1269 794
794 1268
725 1268
724 1270
1270 725
1270 1268
736 764
764 737
763 737
739 759
1162 1225
1225 1274
1274 1162
1224 1274
1276 881
881 1275
880 1275
1039 1026
1026 1040
1039 1025
899 934
934 900
933 900
1279 452
1279 1280
1281 784
1281 1282
1284 1285
1285 1283
1286 1283
1287 1284
674 604
603 675
1289 1290
1290 1292
1291 1292
1295 1293
1293 1294
1295 1296
698 693
698 930
1297 1298
1298 591
591 1297
1298 588
1298 1299
1299 588
1299 699
699 588
1299 1300
1300 699
1300 700
744 818
1303 1301
1301 1302
1303 1304
1306 1304
1304 1305
1306 1301
608 1297
1297 609
591 609
821 587
821 1307
587 1308
1307 1308
1309 702
702 570
1308 570
1310 1311
1311 788
788 1310
1311 789
222 1312
1312 824
1313 219
1313 1312
1314 1315
1315 1310
1310 1314
1315 1311
1317 1318
1318 1316
1317 1240
1319 441
216 571
1322 1229
1229 1321
1321 1322
1228 1321
1323 1324
1324 630
630 1323
1324 655
655 630
1033 1167
1167 1009
1326 1327
1327 1325
1325 1326
1327 1328
1328 1325
1330 1201
1201 1329
1329 1330
1200 1329
1308 571
1333 1334
1334 1332
1332 1333
1334 1335
1335 1332
1337 917
917 1336
1338 862
862 1339
865 1339
1340 1341
1341 1343
1341 1342
1342 1343
1344 1345
1345 918
918 1344
1345 919
1346 1347
1347 672
692 1348
1348 927
1348 1200
1350 1256
1256 1349
1349 1350
1255 1349
1349 1351
1351 1350
1351 1352
1352 1350
652 929
929 653
929 661
661 653
1357 1355
936 1359
1359 1139
1139 936
1359 1360
1360 1139
1227 908
908 1224
1227 963
933 1361
1361 900
933 1138
1138 1361
1364 1362
1364 1361
1361 1362
1366 911
911 1365
1365 1366
910 1365
1141 1367
1367 1142
1141 1368
1368 1367
1143 1185
1185 1144
1184 1144
1145 1174
1174 1143
1174 1185
1145 1171
1145 1147
1147 1171
1146 1017
1017 1147
1017 1171
1146 1018
1148 1018
1149 1018
1149 1369
1369 1018
1150 1369
1150 1370
1370 1369
1150 1152
1152 1370
1152 1176
1176 1370
1151 1155
1155 1177
1177 1151
1155 1371
1371 1177
1154 1157
1157 1372
1372 1154
1157 1373
1373 1372
1158 1375
1375 1156
1158 1374
1374 1375
1377 1378
1378 1376
1378 1379
1379 1376
1381 1382
1382 1380
1380 1381
1382 1383
1383 1380
1381 1385
1385 1384
1384 1381
1385 1386
1386 1384
1232 1386
1388 1389
1389 1387
1387 1388
1389 1390
1390 1387
1392 1393
1393 1391
1391 1392
1393 1394
1394 1391
1396 1397
1397 1395
1395 1396
1397 1398
1398 1395
628 1396
1396 629
1395 629
1341 1399
1399 1342
1399 1400
1400 1342
1402 1403
1403 1401
1404 1401
1406 1407
1407 1405
1405 1406
1407 1408
1408 1405
1410 1411
1411 1409
1409 1410
1411 1412
1412 1409
1413 793
1413 1414
1416 1340
1340 1415
1343 1415
704 1346
1346 703
704 1417
740 1418
1418 741
1419 741
668 1420
644 1422
1422 645
1422 1423
1423 645
1197 613
613 1195
1197 610
1424 613
1426 615
615 658
615 659
1425 1195
1425 1190
593 696
589 696
589 699
1309 701
1427 701
671 1191
1191 1420
688 1191
1270 647
647 1268
621 1268
620 1269
1269 621
1428 1429
1429 1416
1416 1428
1429 1340
1431 1433
1431 1432
1435 1436
1436 1434
1434 1435
1436 1437
1437 1434
1440 1438
1440 1441
1442 1443
1443 1445
1445 1442
1443 1444
1444 1445
808 937
816 937
809 1446
1446 810
1446 1447
1447 810
1448 1449
1449 678
678 1448
915 1204
915 1450
1450 1204
1224 911
911 1274
1451 1452
1452 879
1443 1400
1400 1444
1399 1444
935 1453
1453 936
1453 1359
823 1454
1454 809
1454 1446
655 631
965 1455
1455 966
1455 1456
1456 966
1458 1459
1459 1457
1457 1458
1459 1460
1460 1457
1459 1461
1461 1460
1461 1462
1462 1460
971 973
973 972
974 972
989 994
994 990
993 990
1463 1186
1186 1032
1032 1463
1186 1173
1173 1032
1020 1171
1020 1172
999 998
998 1000
997 1000
978 1021
978 1031
1031 1021
1023 979
988 985
985 1170
1170 988
985 1168
1168 1170
1169 988
1169 989
1169 1026
1026 989
1040 1038
1038 997
1050 1062
1062 999
1065 1063
1063 1050
1182 1080
1080 1065
1065 1182
1371 1102
1371 1103
1090 1464
1464 1091
1090 1181
1181 1464
1466 1464
1464 1465
1465 1466
1464 1467
1467 1465
1468 1469
1469 1183
1183 1468
1469 1467
1467 1183
1097 1470
1470 1094
1097 1100
1100 1470
1075 1373
1373 1119
1119 1075
1373 1375
1375 1119
1109 1471
1471 1126
1126 1109
1471 1131
1131 1126
1471 1472
1472 1131
1472 1128
1473 1474
1474 1465
1465 1473
1474 1472
1472 1465
1117 1115
1115 1118
1120 1375
1131 1127
1130 1127
1226 1475
1475 1227
1360 1227
1476 1361
1476 871
871 1361
1477 1478
1478 1322
1322 1477
1478 1229
1479 1480
1480 913
1480 914
912 1276
1276 913
1275 913
1033 1021
1021 1167
1035 1023
1040 1169
1147 1027
967 1458
1458 968
1457 968
1481 1482
1482 663
663 1481
1482 664
1484 1485
1485 1483
1483 1484
1485 1486
1486 1483
1488 1489
1489 1487
1487 1488
1489 1490
1490 1487
1491 1492
1492 721
721 1491
1492 633
1494 1495
1495 1493
1493 1494
1495 1496
1496 1493
1497 1206
1206 1338
1206 862
1223 1498
1162 1499
1499 1159
1274 1499
1499 876
876 1159
876 1500
1500 1159
875 872
872 1501
1501 875
872 1478
1478 1501
1263 850
1263 1228
1230 838
838 834
1230 870
1502 1282
1282 777
777 1502
1281 777
1444 1506
1506 1445
1444 1505
1505 1506
778 791
791 1380
1380 778
790 1380
1429 1408
1408 1340
1408 1341
1410 1428
1428 1507
1507 1410
1416 1507
634 1509
1509 1508
1510 1508
1379 1314
1314 1376
1379 1315
1399 1505
1399 1407
1407 1505
916 1335
1335 917
916 1332
1512 1513
1513 1511
1511 1512
1513 869
869 1511
1362 1514
1452 1516
1516 880
991 1517
1517 992
1517 1518
1518 992
1519 1028
1028 1517
1517 1519
954 1517
1519 1025
1025 1520
1520 1519
1039 1520
1521 1014
1014 1520
1520 1521
1042 1520
995 1522
1522 996
1522 1521
1521 996
1015 1523
1523 1059
1015 1522
1522 1523
1060 1524
1524 1061
1524 1523
1078 1526
1526 1525
1525 1078
1526 1527
1527 1525
1092 1528
1528 1093
1528 1527
1527 1093
1110 1529
1529 1111
1529 1530
1530 1111
1531 1532
1532 1104
936 1138
1137 1362
1533 1534
586 1237
585 1237
710 1316
710 1535
1537 1199
1199 1536
1198 1536
1416 1538
1539 1540
1540 839
839 1539
1540 836
1230 897
897 870
900 870
1274 1366
1366 1499
1542 1378
1378 1541
1541 1542
1378 1394
1394 1541
1538 771
771 1507
771 1543
1543 1507
1545 1402
1402 1544
1401 1544
1548 1546
1546 1547
1548 1549
1547 1550
1550 1551
1554 1552
1552 1553
1554 1555
1558 1556
1556 1557
1558 1559
1562 1560
1560 1561
1562 1563
1570 1568
1568 1569
1570 1571
1573 1574
1574 1572
1572 1573
1574 1575
1575 1572
1577 1571
1571 1576
1577 1568
1580 1578
1578 1579
1580 1581
1584 1582
1582 1583
1584 1585
1554 1586
1586 1587
1554 1588
1591 1589
1589 1590
1591 1592
1595 1593
1593 1594
1595 1596
1580 1596
1580 1575
1569 1597
1597 1598
1600 1601
1601 1599
1599 1600
1601 1602
1604 1605
1605 1603
1603 1604
1605 1606
1606 1603
1608 1567
1567 1607
1608 1564
1611 1609
1609 1610
1611 1612
1614 1615
1615 1613
1616 1613
1616 1617
1617 1618
1624 1625
1625 1623
1623 1624
1625 1626
1626 1623
1628 1629
1629 1627
1627 1628
1629 1630
1630 1627
1632 1633
1633 1631
1636 1638
1640 1641
1641 1639
1642 1639
1626 1643
1643 1623
1626 1644
1644 1643
1654 1655
1656 1653
1661 1662
1662 1630
1669 1667
1667 1668
1669 1670
1634 1671
1671 1631
1634 1672
1673 1674
1674 1637
1637 1673
1674 1638
1676 1677
1677 1675
1675 1676
1677 1678
1678 1675
1679 1639
1639 1680
1680 1679
1642 1680
1681 1682
1682 1642
1668 1234
1234 1669
1668 1231
1398 1673
1673 1395
1398 1674
629 1678
1678 626
629 1675
1680 1314
1314 1679
1310 1679
1682 1376
1376 1680
1672 1386
1386 1671
1672 1384
1635 1683
1684 1645
1687 1685
1685 1686
1687 1688
1689 1585
1689 1690
1691 1550
1550 1598
1691 1692
1557 1693
1693 1551
1695 1614
1614 1694
1613 1694
1698 1696
1699 1700
1700 1702
1702 1699
1700 1701
1701 1702
1705 1703
1708 1639
1639 1707
1708 1640
1710 1712
1712 1709
1710 1711
1651 1654
1653 1652
1698 1711
1709 1715
1715 1714
1716 1707
1707 1679
1679 1716
1391 1714
1714 1392
1391 1709
1719 1717
1717 1718
1719 1720
1310 1716
788 1716
1377 1710
1710 1391
1391 1377
1390 1718
1718 1387
1390 1719
1605 1721
1721 1722
1605 1688
1724 1567
1567 1723
1566 1723
1725 1646
1553 1726
1726 1727
1686 1599
1599 1590
1594 1728
1728 1729
1600 1604
1604 1730
1730 1600
1603 1730
1735 1638
1638 1734
1734 1735
1674 1734
1643 1736
1725 1661
1661 1723
1630 1723
1398 1737
1737 1674
1737 1734
1666 1738
1618 1738
1548 1592
1548 1741
1570 1602
1570 1549
1689 1688
1689 1721
1558 1581
1581 1587
1558 1578
1672 1734
1734 1384
1737 1384
1231 1671
1691 1572
1572 1579
1691 1742
1742 1572
1682 1377
1695 1663
1749 1676
1707 1749
1749 1708
1707 1677
1631 1668
1677 1716
1716 1678
626 1716
1722 1563
1583 1750
1750 1727
1673 1675
1675 1395
1626 1628
1628 1644
1627 1644
1636 1748
1748 1637
1676 1637
1673 1676
1681 1710
1752 1618
1752 1738
1700 1738
1738 1701
1213 1755
1755 1753
1213 1754
646 1756
1756 618
1756 940
1758 1192
1192 1757
1757 1758
1192 690
690 1757
1418 1759
1759 1419
1760 1419
1761 682
1762 682
1411 779
779 1412
779 1383
1383 1412
1382 1397
1397 1383
1397 1412
1196 1423
1423 1763
1763 1196
1422 1763
1536 1286
1286 1537
1285 1537
1633 1683
1683 1634
1735 1634
1630 1724
1629 1724
1729 1609
1609 1561
1672 1735
1756 1194
1194 940
1193 940
1280 218
218 452
1280 1313
452 207
207 297
207 298
206 175
299 175
299 172
201 172
201 173
200 173
917 1767
1769 1337
1769 858
1279 1307
1280 821
1313 819
817 1312
813 824
812 825
1219 826
1476 1539
1539 871
1780 1781
1781 1779
1779 1780
1781 1782
1782 1779
1784 1781
1781 1783
1783 1784
1781 1785
1785 1783
1786 1787
1787 1789
1789 1786
1787 1788
1788 1789
1791 1788
1788 1790
1790 1791
1788 1792
1792 1790
1790 1793
1793 1791
1793 1794
1794 1791
1793 1795
1795 1794
1795 1796
1796 1794
1796 1797
1797 937
937 1796
1797 867
1797 1798
1798 867
1798 868
1800 1801
1801 1799
1799 1800
1801 1450
1450 1799
1802 1803
1803 1204
1204 1802
1803 1205
1804 1805
1805 863
863 1804
1805 864
1805 1806
1806 864
1806 1807
1807 864
1319 1320
1320 1307
440 1320
151 216
151 217
150 285
285 151
296 309
309 150
295 306
306 296
142 306
1535 591
591 1808
1808 1535
590 1808
1809 743
743 1811
1811 1809
743 1810
1810 1811
1813 1814
1814 1812
1812 1813
1814 1815
1815 1812
1816 747
1811 1818
1818 1809
1816 1809
1819 1820
1820 747
1822 1823
1823 1821
1821 1822
1824 1821
1826 1827
1827 1825
1828 1825
1830 1831
1831 1829
1829 1830
1831 1832
1832 1829
1833 1826
1826 1242
1242 1833
1825 1242
803 824
1834 1252
1252 1235
1235 1834
1835 1836
1836 1437
1437 1835
1504 1839
1842 1843
1844 1509
1849 1239
1239 1821
1821 1849
1238 1821
635 1830
1830 636
1829 636
1851 1852
1852 1850
1852 1853
1853 1850
1855 1857
1400 1508
1400 1860
1860 1508
1860 634
1862 1863
1863 1861
1861 1862
1864 1861
1502 1866
1866 1282
1502 1865
1866 680
1284 682
1537 1544
1762 1544
1288 683
1272 680
1282 1867
1867 784
784 1869
756 1272
772 1870
1870 1402
673 1404
1863 1872
1872 1864
1873 1864
637 1842
1842 634
1342 1510
1538 772
1199 1401
1285 1762
1442 1874
1874 1443
1442 1875
1875 1874
1875 1830
1830 1874
1875 1831
1343 1871
1510 1871
1443 1860
1874 1860
1874 635
1822 1862
1862 1881
1881 1822
1861 1881
1439 1883
1883 1440
1851 1883
1850 1883
1885 1886
1886 1884
1886 1887
1888 1358
1885 1891
1317 1894
1894 1893
1895 1893
1872 1896
1896 1873
1897 1873
1897 604
674 1898
1404 1843
592 1295
1295 590
1295 1808
1291 1899
1899 1294
1291 1894
605 1896
1895 1290
1865 769
769 1761
1545 1761
1867 1271
719 785
1432 786
1413 1431
1431 1260
1413 786
1388 1233
1233 1259
1259 1388
1233 1414
1414 1259
1669 1387
1234 1387
1670 1718
1746 1717
1258 1904
1904 1389
1389 1258
1904 1393
1393 1389
1719 1392
1720 1714
1705 1715
1659 1696
1702 1623
1623 1699
1643 1699
1643 1660
1736 1732
1644 1732
1624 1911
1911 1603
1603 1624
1911 1730
1911 1912
1912 1730
1912 1913
1913 1730
1576 1913
1577 1615
1615 1914
1577 1617
1914 1915
1915 1597
1597 1914
1915 1742
1915 1573
1573 1742
1916 1575
1916 1596
1608 1596
1608 1593
1607 1610
1610 1728
1728 1607
1611 1628
1628 1917
1611 1629
1625 1917
1917 1626
1920 1918
1918 1919
1920 1921
1923 1922
1922 1919
1923 1924
1926 1923
1929 1927
1927 1928
1929 1930
1932 1934
1934 1931
1932 1933
1937 1935
1935 1936
1937 1938
1941 1939
1939 1940
1941 1942
1944 1943
1943 1940
1944 1945
1947 1693
1693 1946
1947 1948
1950 1952
1952 1949
1950 1951
1955 1953
1953 1954
1955 1588
1955 1956
1956 1957
1955 1931
1933 1958
1958 1959
1962 1960
1960 1961
1962 1963
1954 1750
1750 1964
1929 1931
1929 1956
1949 1925
1925 1950
1949 1928
1966 1592
1592 1965
1966 1589
1966 1967
1967 1968
1966 1963
1920 1969
1969 1961
1920 1970
1944 1963
1944 1967
1947 1921
1921 1971
1947 1918
1971 1960
1960 1965
1952 1586
1586 1957
1952 1559
1974 1972
1972 1973
1974 1975
1978 1976
1976 1977
1978 1690
1974 1690
1974 1585
1941 1938
1941 1979
1946 1556
1556 1951
1977 1980
1980 1968
1986 1988
1988 2023
1987 2022
2069 2022
2046 2049
1985 2021
1998 2135
1996 2134
2150 1998
1997 2221
2183 2210
2223 2224
2224 2221
2224 2226
2112 1922
1926 2110
2235 1922
1924 2109
2265 2091
2227 2223
2210 2221
1959 1972
1972 1936
2092 2020
2020 2265
2150 2225
1964 1582
1582 1973
1999 2198
2096 2264
2813 698
698 2812
2812 2813
697 2812
2819 2820
2820 627
627 2819
2820 628
1405 2819
2819 789
789 1405
1414 1232
1232 793
789 1406
1311 1406
1311 2821
2821 1406
1315 2821
2822 1379
1379 1542
1542 2822
1737 1381
1737 1382
790 1381
790 1385
793 1385
1389 1259
1904 1541
1541 1393
1412 1396
1396 1409
2820 1409
1409 628
2822 2821
2821 1379
1394 1377
1398 1382
1234 1388
1390 1393
1383 778
787 791
791 1281
787 792
1430 1261
1261 1431
1341 1407
1543 1410
1543 1411
786 792
2819 1428
1428 2820
2819 1429
2822 1505
1505 2821
2822 1506
1281 778
1405 1429
2820 1410
2821 1407
1543 780
780 1411
1414 1260
1333 2823
2823 922
922 1333
2823 923
2825 1267
1267 2824
1266 2824
1211 2826
2826 768
1211 2827
2827 2826
1491 1189
1189 1265
1265 1491
1487 2828
2828 1488
2828 2829
2829 1488
921 1328
1328 922
1327 922
1483 2830
2830 1484
2830 2831
2831 1484
1481 2832
2832 1484
1484 1481
2832 1485
1323 1492
1492 1488
1488 1323
1492 1489
1264 1490
1490 1265
1489 1265
2834 2835
2835 2833
2833 2834
2835 2836
2836 2833
1249 2837
2837 2826
2826 1249
2837 2838
2838 2826
1490 2839
2839 1487
2840 2839
2825 2841
2842 2841
2843 2844
2844 1494
1494 2843
1426 2846
2846 2845
2845 1426
2846 925
925 2845
1487 2847
2847 2828
2839 2847
921 2848
2848 1328
926 2848
2849 2850
2850 767
767 2849
2850 1212
1267 2851
2841 2851
1264 2840
2851 2840
2853 2854
2854 2852
2852 2853
2854 2855
2855 2852
2854 2856
2856 2855
2856 597
597 2855
2856 2857
2857 597
2857 594
2858 594
2858 625
651 2859
2859 648
651 2860
641 2861
641 2862
704 2861
2861 2863
1417 2863
2863 2864
2866 2864
2864 2865
2866 1417
1759 1347
1347 1760
2866 1760
1763 2867
2867 1196
610 2867
2867 2868
611 2868
2868 2869
1349 943
943 1351
1349 687
1255 687
1255 684
1254 684
1254 691
1254 2870
2870 691
2870 2871
2871 691
700 2872
2872 697
2872 2812
2871 1348
1348 691
1743 1573
1573 1695
1743 1574
1617 1576
1576 1752
1593 1607
1629 1610
1610 1724
1606 1624
1606 1625
1702 1624
1702 1911
1701 1911
1701 1912
1752 1912
1568 1914
1614 1914
1614 1915
1695 1915
1744 1574
1744 1916
1564 1916
1724 1607
1612 1917
1917 2873
1606 2873
2873 1625
1612 1561
1612 1562
1549 1569
1569 1546
1575 1579
1555 1594
1594 1552
1555 1595
1581 1595
1546 1598
1913 1600
1913 1601
1688 1604
1604 1685
1742 1598
1606 1722
1722 2873
1552 1729
1729 1726
1685 1600
1571 1601
1692 1579
2873 1562
1726 1561
1741 1547
1547 1948
1948 1551
1588 1553
1553 1953
1578 1557
1557 1692
1563 1583
1583 1560
1563 1584
1555 1587
1602 1590
1602 1591
1976 1686
1686 1980
1976 1687
1721 1584
1692 1551
1953 1727
1980 1590
1549 1591
1690 1687
1559 1587
1560 1727
1918 1946
1946 2874
1559 1951
1931 1954
1954 1932
1588 1957
1932 1964
1964 1958
1963 1965
1589 1968
1948 1971
1971 1741
1741 1965
1949 1957
1585 1973
1942 1977
1977 1939
1942 1978
1975 1978
2874 1951
1939 1968
1958 1973
1970 1919
2874 1919
2874 1923
1950 1923
1956 1928
2242 1933
1933 2243
2242 1934
1975 1936
1975 1937
1979 1940
1967 1940
2243 1959
1959 2286
2244 1961
2244 1962
1930 1934
1925 1927
1921 1961
1945 1962
1942 1937
2286 1936
1237 607
606 1810
1810 607
2875 1304
2875 2876
584 1297
1297 585
584 1298
701 1298
701 1299
1427 1299
1427 1300
585 608
2878 1217
1217 2877
2878 2876
2879 2880
2880 1811
1820 2881
2881 2882
2840 619
619 2839
2840 620
2842 794
894 2843
2843 891
894 2844
2839 941
941 2847
926 1201
1201 2848
926 1202
2841 1269
2851 620
940 1758
1758 941
1758 2883
2883 941
658 928
928 1426
928 2846
1236 2850
2850 750
2849 750
2884 1216
2884 1753
733 2885
2885 2886
2888 1815
1815 2887
2887 2888
1814 2887
2889 1244
1244 2888
2888 2889
1244 1815
1823 2890
2890 1824
1245 1824
2891 2892
2892 2894
2894 2891
2892 2893
2893 2894
1853 1832
1832 1850
1831 1850
1831 1883
1875 1883
1875 1440
1442 1440
1442 1441
1445 1441
1445 2895
2895 1441
1506 2895
2896 2822
2822 2897
1542 2897
1541 2898
2898 1542
1904 2898
1904 2899
1258 2899
1258 2900
1430 2901
761 2906
2906 762
2906 2907
2907 762
722 2908
2908 723
722 893
893 2908
795 894
894 722
2842 2844
2844 795
2825 1495
1495 2842
2824 1496
1496 2825
1188 2835
2835 2824
2835 1496
796 890
890 797
890 2836
2836 797
887 796
2909 2910
2910 2912
2912 2909
2910 2911
2911 2912
1782 2914
2914 1779
1782 2913
2913 2914
2915 2916
2916 830
830 2915
2916 831
2917 2918
2918 844
844 2917
2918 845
2919 2915
2915 846
846 2919
2920 2921
2921 856
856 2920
2921 857
2922 2923
2923 859
859 2922
2923 860
2918 2911
2911 845
2911 886
2924 2919
2919 939
939 2924
2923 2925
2925 860
2925 1203
2916 2917
2917 831
2926 2927
2927 1448
1448 2926
2927 1449
2928 2929
2929 888
888 2928
2929 2930
2930 888
1506 2896
2896 2895
2900 1261
2931 2932
2932 749
749 2931
2932 1235
2932 2933
2933 1235
2933 1834
2935 2936
2936 2934
2934 2935
2936 2937
2937 2934
2940 2938
2946 1889
2946 1856
2949 708
708 2948
2948 2949
708 1828
1828 2948
2951 729
729 2950
2950 2951
728 2950
2865 2952
2952 2866
2952 2953
2953 1760
2953 2954
2954 1419
2954 2955
2955 741
2955 2956
2956 738
2956 2957
2957 759
2958 760
2960 2959
2963 1838
2963 1839
2964 1839
2964 2941
2965 2949
2949 2938
2938 2965
2934 2966
2966 2935
2966 2967
2967 2935
2968 2969
2969 735
735 2968
2969 734
2886 1814
1814 733
2886 2887
2881 2887
2881 2880
1818 1819
1819 1816
1756 1196
1756 1423
646 1423
646 645
647 645
647 642
1270 642
1270 736
724 736
724 764
723 764
723 761
723 2906
2908 2906
1253 1436
1436 2908
2908 1253
1436 2906
1437 1252
1252 1835
1834 1835
1834 2937
2937 1835
2933 2937
2970 2971
2971 2934
2934 2970
2971 2966
895 2968
2968 896
895 2969
1813 733
1813 730
1214 895
1214 731
731 895
1215 732
732 2884
1215 2885
1218 2885
1218 2882
1303 1820
1820 2875
1303 748
1302 748
2972 1816
2972 1809
2973 1817
2973 2972
1302 2973
2980 2981
2979 2982
2984 2896
2896 2982
2897 2982
2987 1441
1854 1889
2989 1889
2990 1358
2993 2979
2983 2994
2995 1356
2996 1357
2997 2998
2998 2931
2931 2997
2998 2932
2998 2970
2970 2932
2970 2933
1835 2936
2936 1836
1840 2940
2943 2999
3001 2943
3002 1888
3002 2947
3003 3001
3004 3000
3005 2999
2998 3006
3006 2970
3006 2971
2997 2950
2950 2998
2950 3006
3007 2951
2951 2997
2997 3007
2964 2935
2935 2965
2964 2936
2937 2970
3008 1898
637 3008
637 3009
3009 3008
636 3009
636 3010
3010 3009
1829 3010
1829 3011
3011 3010
1832 3011
1832 2893
2893 3011
1853 2893
1853 2894
1852 2894
1852 1887
1887 2894
1856 1884
3008 1897
3009 1873
3009 1864
3010 1864
3010 1861
3011 1861
3011 1881
2893 1881
2892 1881
1849 2889
2889 781
2888 781
782 2879
2879 1810
1809 744
2972 744
2972 804
2972 805
2973 805
811 2973
1301 811
3012 1301
3012 1220
1733 3013
3013 1632
1656 1640
1735 1635
1712 1697
1720 1704
1681 1713
1670 1745
1649 1708
1667 1632
1642 1739
3013 1684
1684 1633
1747 1704
1706 1697
1700 1620
1706 1658
1733 1661
1627 1732
2947 1891
3003 1890
3005 1828
3005 2948
2966 735
735 2967
709 2967
2971 2968
2968 2966
2971 896
3006 896
3006 728
3015 752
752 3014
3014 3015
751 3014
3017 766
766 3016
3016 3017
765 3016
3018 3019
3019 1248
1248 3018
3019 3020
3020 1248
2913 3018
3018 2914
2913 3019
3022 2913
2913 3021
3021 3022
1782 3021
2838 768
2838 765
3024 2837
2837 3023
3023 3024
2837 3020
3020 3023
766 2849
766 3025
3025 2849
3025 750
3025 751
752 2931
752 3026
3026 2931
2997 3026
3026 3007
3027 3028
3028 3007
3007 3027
3028 2951
3028 3029
3029 2951
3029 729
3032 3030
3030 3031
3032 3033
3036 3034
3034 3035
3036 3037
3038 611
3041 3030
3030 3040
3041 3037
3033 1351
1351 3042
3042 3033
3039 612
3041 668
668 3044
3041 669
3042 598
598 3040
3042 599
770 1543
770 780
1502 770
770 1865
1502 780
102 3045
3061 1427
1257 3063
3063 1254
3063 2870
931 3064
3064 2852
2852 931
3064 3065
3065 2852
2813 930
2813 3066
3066 930
3067 1300
1300 3062
3074 2813
2813 3073
3073 3074
2812 3073
2853 3075
3075 1257
1257 2853
3075 3063
2870 3076
3076 2871
3076 3077
3077 2871
2812 3078
3078 3073
2872 3078
3077 1348
3077 3079
3079 1348
700 3067
3067 2872
1200 3079
3079 1329
1262 3080
3080 1263
1262 3081
3081 3080
3082 3083
3083 3081
3081 3082
3083 3080
1447 3085
3085 810
1447 3084
3084 3085
810 3086
3086 807
3085 3086
3087 3082
3082 832
832 3087
3081 832
883 3088
3088 884
3088 3089
3089 884
3086 1789
1789 807
1789 815
3086 1786
3086 3090
3090 1786
3091 3090
3090 3085
3085 3091
3093 3083
3083 3092
3093 3094
3094 3083
3088 3095
3095 3089
3095 3087
3087 3089
3096 3092
3092 3082
3082 3096
3098 3099
3099 3097
3097 3098
3099 1785
1785 3097
3100 1787
1787 2912
2912 3100
1787 3101
3101 2912
836 884
884 837
836 885
836 3102
3102 885
1540 3102
3092 3103
3103 3093
3096 3103
3104 3105
3105 3088
3088 3104
3105 3095
3107 3108
3108 3106
3106 3107
3108 3109
3109 3106
3110 3111
3111 3090
3090 3110
3111 1786
3113 3107
3107 3112
3112 3113
3106 3112
3113 3114
3114 3111
3111 3113
3114 3101
3101 3111
3091 3110
3091 3115
3115 3110
837 834
837 835
3089 837
3089 835
3109 3116
3116 1246
1246 3109
3116 3117
3117 1246
3117 1247
3117 3118
3118 1247
3119 3120
3120 3118
3118 3119
3120 1247
843 3109
843 3106
842 3106
842 3112
842 3098
3098 3112
3098 3121
3121 3112
1780 3122
3122 3097
3097 1780
3122 3123
3123 3097
2914 2930
2930 1779
2929 1779
3018 3124
3124 2914
3124 2930
889 3124
3124 2833
2833 889
3124 1251
1251 2833
3018 1251
907 945
945 906
907 946
1187 1368
1368 1184
1187 947
947 1368
956 950
950 953
956 951
964 952
952 909
964 949
904 957
957 959
959 904
957 960
3125 977
977 948
948 3125
977 961
961 948
934 966
966 935
934 967
992 968
968 993
992 965
903 970
970 901
903 971
984 972
972 982
984 969
904 973
973 905
980 958
958 976
980 974
909 1142
1142 910
956 1141
1144 1141
1142 1365
1367 1365
1368 1144
1518 965
1518 1455
964 1453
1453 949
1453 1456
1456 949
898 1458
1458 899
898 1459
990 1460
1460 987
990 1457
898 962
962 1459
962 1461
986 969
986 1462
1462 969
905 971
982 974
899 967
993 1457
1153 1525
1525 1087
1087 1153
1525 1088
1111 1091
1091 1108
1111 1092
1082 1097
1097 1083
1096 1083
1077 1470
1470 1099
1099 1077
1077 1103
1103 1074
1153 1155
1154 1371
1372 1371
1372 1103
1372 1074
1466 1108
1108 1464
1181 1467
1473 1469
1469 1095
1095 1473
1469 1096
1100 1082
1530 1092
1530 1528
1072 1098
1071 1098
1153 1078
1080 1090
1090 1081
1093 1081
1067 1084
1084 1068
1067 1085
1150 1079
1176 1178
1178 1370
1071 1102
1070 1085
1083 1179
1179 1084
1083 1468
1468 1179
1064 1182
1151 1176
1080 1181
1056 1524
1524 1078
1524 1526
1116 1075
1089 1106
1106 1086
1089 1107
1125 1109
1125 1110
1094 1115
1115 1095
1114 1095
1077 1118
1118 1470
1106 1154
1373 1156
1074 1373
1466 1109
1466 1471
1465 1471
1134 1474
1474 1113
1474 1114
1118 1094
1531 1110
1531 1529
1275 1479
1516 1479
3126 3127
932 1454
932 3128
3128 1454
3130 1447
1447 3129
3129 3130
1446 3129
3131 3132
3132 1451
1446 1321
1321 3129
1454 1321
932 1513
1513 3128
1513 3133
3133 3128
1160 3134
3134 1479
1479 1160
3134 1480
3127 3135
3132 1161
1161 1452
1161 1516
1514 3126
1534 1514
3094 3084
3084 3130
3130 3094
3136 3091
3091 3084
3084 3136
3137 3115
3115 3136
3136 3137
3108 3116
3108 3138
3138 3116
3104 3139
3139 3116
3116 3104
3139 3117
3139 3140
3140 3117
3140 3118
3141 3119
3119 3140
3140 3141
1497 3142
3142 1276
3142 881
3145 3143
3143 3147
900 871
3147 3146
3146 3148
3149 1208
1785 1780
2928 3122
3122 2929
2928 2910
2910 3122
1790 2915
2915 1793
1790 2916
1792 3100
3100 2917
2917 1792
3100 2918
1793 2919
2919 1795
3150 3151
3151 2920
2920 3150
3151 2921
3152 3153
3153 2922
2922 3152
3153 2923
3100 2911
3154 1795
1795 2924
2924 3154
3153 3155
3155 2923
3155 2925
1792 2916
3156 3157
3157 2926
2926 3156
3157 2927
2929 1780
1266 1188
2827 1249
2827 1250
2829 1323
2829 1324
1327 1333
1327 1334
2831 1481
2831 1482
1489 1491
1332 1345
1345 1333
1345 2823
798 1491
663 656
656 1481
656 2832
633 1323
2827 1493
1493 1250
1493 2834
2834 1250
3020 1249
2836 1188
3099 841
841 3159
3159 3099
841 3158
3158 3159
3100 1788
1791 815
815 1788
815 1794
1794 816
816 1796
3154 1796
3154 1797
3154 3157
3157 1797
3157 1798
3156 3151
3151 1800
1800 3156
3151 1801
3150 3155
3155 1802
1802 3150
3155 1803
3152 1804
1804 3153
3152 1805
3152 3160
3160 1805
3160 1806
842 3099
1786 3101
2909 3114
3114 3123
3123 2909
3114 3121
3121 3123
3097 3121
3046 3162
444 258
444 3163
3163 258
3164 423
3164 460
303 422
303 463
253 457
457 384
414 250
414 411
336 233
3163 259
3163 335
829 424
829 3164
3168 3062
1353 3170
3169 3067
3170 3172
2872 3171
3171 3078
3024 2838
3024 3173
3173 2838
3175 3176
3176 3174
3177 3174
3179 1124
1124 3178
1127 3178
3181 3182
3182 3180
3183 3180
1133 3184
3184 1129
3181 1129
3185 3186
3186 3188
3188 3185
3186 3187
3187 3188
3190 3188
3188 3189
3189 3190
3187 3189
1121 3189
3189 1136
1121 3191
3191 3189
3177 3192
3192 3174
3177 3193
3193 3192
3183 3178
3194 3178
3196 3197
3197 3195
3179 3195
3199 3177
3177 3198
3176 3198
3201 3195
3195 3200
3200 3201
3194 3200
3203 3183
3183 3202
3182 3202
3205 3206
3206 3204
3185 3204
3185 3207
3207 3204
3188 3207
3208 3207
3207 3190
3190 3208
3209 3193
3193 3199
3199 3209
3194 3203
3196 3210
3210 3176
3233 3231
3237 3235
3234 3241
3291 3232
3291 3292
3292 3236
3237 3296
3297 3296
3303 3247
3303 3291
3291 3247
3296 3300
3300 3250
3250 3296
3255 3303
3255 3304
3304 3303
3300 3263
3300 3307
3307 3263
3313 3304
3307 3310
3318 3313
3232 3235
3297 3236
3319 3320
3320 3193
1374 3320
3320 1120
3321 1120
3323 3321
3321 3322
3323 3191
3174 1123
1123 3175
1122 3175
3194 3179
3180 1130
1130 3181
3206 3184
3184 3185
1135 3187
3187 1132
3186 1132
3187 1136
3192 1158
1158 3174
1127 3180
1532 3197
3197 1122
1374 3192
3319 3321
1120 3191
3209 3319
3209 3324
3324 3319
3322 3326
3326 3323
3322 3325
3324 3322
3207 3327
3327 3204
3327 3328
3328 3204
3329 3205
3205 3328
3202 3330
3330 3203
3331 3203
3209 3332
3332 3324
3332 3333
3333 3324
3333 3325
3334 3325
3325 3335
3335 3326
3334 3335
3326 3208
3208 3323
3190 3323
3191 3190
3337 3338
3338 3336
3336 3337
3338 3339
3339 3336
3337 3340
3340 3338
3340 3341
3341 3338
3340 3342
3342 3341
3342 3343
3343 3341
3342 3344
3344 3343
3344 3345
3345 3343
3344 3346
3346 3345
3346 3347
3347 3345
3348 3347
3348 3349
3339 3350
3350 3336
3339 3351
3351 3350
3351 3352
3351 3353
3353 3352
3353 3354
3355 3354
3348 3356
3357 3356
3355 3358
3358 3354
3355 3359
3359 3358
3359 3360
3360 3358
3359 3361
3361 3360
3361 3362
3362 3360
3363 3362
3363 3357
3341 3364
3364 3338
3341 3365
3365 3364
3343 3365
3343 3366
3366 3365
3345 3366
3345 3367
3367 3366
3347 3367
3347 3368
3368 3367
3349 3368
3349 3369
3368 3370
3370 3367
3368 3371
3371 3370
3369 3371
3369 3372
3372 3373
3373 3371
3374 3371
3377 3375
3375 3376
3377 3378
3378 3375
3376 3374
3374 3377
3373 3377
3374 3379
3379 3371
3379 3370
3376 3380
3380 3374
3380 3379
3375 3381
3381 3376
3381 3380
3384 3382
3382 3383
3384 3385
3382 3387
3387 3383
3382 3386
3386 3387
3386 3388
3388 3387
3386 3389
3391 3384
3384 3390
3383 3390
3387 3392
3392 3383
3388 3393
3393 3387
3393 3392
3388 3394
3394 3393
3394 3395
3395 3393
3388 3396
3389 3396
3364 3339
3364 3397
3397 3339
3397 3351
3398 3351
3370 3399
3399 3367
3399 3366
3399 3400
3400 3366
3400 3365
3400 3364
3400 3401
3401 3364
3364 3402
3402 3397
3401 3402
3402 3398
3403 3398
3402 3404
3404 3403
3405 3403
3398 3353
3406 3353
3403 3406
3407 3406
3405 3407
3408 3407
3404 3409
3409 3405
3410 3405
3409 3411
3411 3410
3412 3410
3413 3394
3416 3414
3414 3415
3411 3415
3409 3417
3417 3411
3417 3415
3404 3417
3404 3418
3418 3417
3402 3418
3401 3418
3349 3419
3356 3419
3369 3420
3419 3420
3372 3421
3420 3421
3373 3422
3421 3422
3422 3378
3422 3423
3424 3378
3425 3386
3426 3389
3427 3396
3429 3396
3412 3430
3410 3408
3430 3408
3399 3334
3334 3400
3399 3335
3334 3401
3333 3401
3333 3418
3332 3418
3332 3417
3332 3432
3432 3417
3432 3415
3432 3433
3433 3415
3434 3416
3416 3433
3395 3435
3435 3393
3395 3436
3436 3435
3393 3331
3331 3392
3435 3331
3331 3390
3330 3390
3329 3391
3391 3330
3381 3328
3328 3380
3327 3380
3406 3355
3437 3355
3437 3359
3437 3438
3438 3359
3438 3361
3438 3439
3439 3361
3439 3363
3440 3363
3440 3356
3419 3441
3440 3441
3440 3442
3439 3442
3439 3443
3438 3443
3438 3444
3437 3444
3437 3407
3420 3445
3441 3445
3441 3446
3442 3446
3442 3447
3443 3447
3443 3448
3444 3448
3444 3408
3430 3448
3449 3448
3449 3447
3450 3447
3451 3447
3451 3446
3451 3445
3452 3445
3452 3421
3422 3453
3452 3453
3451 3454
3454 3452
3450 3454
3456 3450
3294 3350
3350 3297
3352 3297
3354 3297
3354 3296
3354 3300
3358 3300
3358 3307
3360 3307
3360 3310
3362 3310
3357 3315
3357 3316
3348 3316
3344 3318
3344 3313
3342 3313
3342 3304
3340 3304
3340 3303
3340 3291
3337 3291
3337 3292
3336 3292
3336 3294
3436 3201
3201 3435
3200 3435
3200 3331
3432 3199
3199 3433
3198 3433
3210 3434
3434 3198
3209 3432
3379 3469
3469 3370
3370 3335
3469 3335
3327 3379
3327 3469
3327 3208
3208 3469
3469 3326
1762 1545
1545 772
3012 1219
3470 1219
2876 1305
3470 827
1753 3471
3471 1216
1048 3472
3472 1047
3472 3473
3473 1047
1178 3472
3472 1370
1178 3473
1073 3474
3474 1178
3474 1047
3474 1055
1055 1047
918 665
665 1344
664 1344
679 918
679 1448
857 1448
1366 877
877 1499
1365 907
907 1366
1511 915
915 1512
914 1512
946 1367
1367 947
1046 1020
1020 1043
1369 1048
1048 1018
1172 1029
1029 1173
3125 1187
1187 1463
1463 3125
1450 1511
1511 1799
1173 1185
1172 1046
1046 1029
914 3475
3475 1512
1480 3475
664 3476
3476 1344
1482 3476
1501 1500
1500 875
1450 1802
1801 1802
3478 2831
2831 3477
3477 3478
2830 3477
857 2926
2921 2926
1365 946
947 3125
3479 3134
3134 1501
1501 3479
3134 1500
2921 3156
1482 3478
3478 3476
1801 3150
657 663
657 938
705 938
869 1799
868 1799
873 875
873 904
961 945
960 945
3125 978
1463 978
1167 1031
1012 1045
1043 1055
1045 1029
705 939
1449 939
1463 1031
3479 1477
1477 3475
3475 3479
1477 3133
3133 3475
2828 1486
1486 2829
1485 2829
1229 872
869 932
868 1800
1798 1800
1485 1324
2832 1324
1449 2924
2927 2924
960 906
961 976
3133 1512
2927 3154
2832 655
1798 3156
1054 3474
3472 1369
2883 614
614 3480
3480 2883
617 3480
2830 2845
2845 3477
2830 616
616 2845
1483 616
1483 617
1486 617
1486 3480
2847 3480
3480 2828
1516 1160
3128 1322
1322 1454
3133 1322
3172 1515
3094 3136
3093 3136
3093 3137
3103 3137
3138 3104
3138 3105
1140 3126
3126 1137
3080 3130
3130 1263
3129 1263
1225 3131
3129 1228
1500 1160
1140 1475
1475 3127
1162 3132
3094 3080
883 3104
883 3139
882 3139
882 3140
882 3481
3481 3140
3481 3141
1480 3479
1478 3479
731 2969
730 2969
1262 833
833 3081
1230 852
852 897
889 2930
892 2850
891 2850
852 898
987 986
986 988
1006 1002
1035 1006
1069 1051
1051 1004
1068 1066
1066 1069
1128 1133
1128 1134
878 1166
1165 879
1168 1036
1179 1068
1208 1209
1209 878
1214 1753
854 833
707 1243
1243 1825
1825 707
893 1253
1360 963
1359 963
2906 1435
1435 2907
1439 2990
1359 964
1456 950
1455 950
1462 970
1461 970
1168 983
1096 1468
1114 1473
1360 1140
1211 1494
1494 2827
1165 1451
1498 1451
953 1518
1518 954
1519 991
1519 1042
1521 1039
1521 1015
995 1523
1059 1524
1527 1081
1526 1081
1527 1088
1528 1088
1089 1530
1530 1107
1529 1107
1532 1125
1754 726
726 3482
734 1813
1813 706
1812 706
2890 1833
1833 1245
1854 1852
2989 1882
2988 1851
1887 2891
1886 2891
2834 1251
1212 2843
2843 1211
891 1212
2910 3123
886 2928
2928 887
1434 2962
2962 1435
1437 1253
730 734
731 2884
2899 2980
2980 2898
2980 2897
2984 2983
2984 2895
1887 1857
3087 835
3087 3096
3095 3096
3095 3103
3105 3103
3115 3107
3107 3110
3115 3108
3110 3113
3121 3113
889 2836
1455 953
1456 935
1461 901
1462 987
1467 1473
1528 1089
1180 1468
1526 1060
1472 1134
1529 1104
1498 3131
3135 3131
3115 3138
3137 3138
2910 886
2834 1496
3101 2909
3186 1133
3175 3196
3182 3205
3201 3196
3181 3206
3179 1532
3202 3329
3378 3384
3375 3391
3414 3412
3395 3414
3385 3425
3413 3431
3395 3434
3381 3329
3436 3210
3105 3137
3135 1226
686 599
686 600
595 624
624 666
666 595
624 1296
1296 666
685 600
685 652
1318 783
783 710
606 782
920 916
919 916
3477 924
924 3478
923 3478
925 3477
661 928
920 856
1203 856
1205 863
863 1206
1218 2876
1296 592
919 1332
692 652
912 1497
1535 609
1205 1804
1803 1804
1535 1899
1899 1316
1808 1294
923 3476
2823 3476
925 1202
2846 1202
2858 3031
3031 3483
2858 3032
2877 1216
2887 2879
2879 2888
2882 2886
927 2846
1203 2920
2925 2920
1818 2881
2882 2875
2888 782
3033 1352
3032 1352
3033 3040
942 3042
3144 1497
881 3147
3147 1207
2925 3150
2823 1344
1803 3153
3102 882
3102 3481
1247 3484
3484 840
3120 3484
377 260
260 155
380 260
380 195
375 197
1775 197
667 595
1296 623
623 1293
602 640
1292 649
649 1289
1292 650
690 659
659 1757
601 670
670 598
661 689
689 653
597 694
694 2855
653 670
1828 707
1283 739
2855 931
690 1191
1318 1239
1815 1243
1243 1812
1893 1241
1241 1317
1347 1417
703 672
1286 740
1425 1421
659 614
614 1757
1190 1420
1838 1503
1193 1758
1536 1418
2892 1822
2892 1823
1890 1826
1885 1833
783 1849
1241 1862
1862 1238
1893 1863
1238 1822
1316 1894
1895 1872
1895 1291
1256 2853
1256 2854
1350 2854
1350 2856
1352 2856
1352 2857
3032 2857
2860 3035
3035 2859
2860 3036
2862 2869
2869 2861
2862 3038
2868 2861
2864 2868
2865 2867
1198 1759
2883 1757
1245 2889
2889 1824
2891 1823
2891 2890
2942 2939
709 2949
2949 2967
1422 2865
644 2952
643 2953
737 2954
763 2955
762 2956
2907 2957
1435 2958
1836 2963
2963 1434
2936 2963
2967 2965
2941 1837
2948 2939
2941 2965
1824 1849
3004 1827
3037 3044
3044 3034
3043 3034
1421 3044
669 3040
3066 931
3066 3064
3065 2853
3065 3075
3066 3495
3495 3064
3495 3496
3496 3064
3065 3497
3497 3075
3497 3498
1812 707
2961 2905
1886 2890
2961 2962
625 595
625 3483
3483 622
649 641
2862 648
3038 2859
3039 3035
1292 1294
650 1293
651 623
2860 622
3036 3483
3037 3031
2847 2883
616 1426
1767 3500
3019 3502
3502 3020
3502 3023
3022 3019
3022 3502
1769 859
3503 859
1335 3504
3504 1767
3496 3065
3496 3497
3074 3066
3074 3495
3173 765
3173 3016
3500 1337
3017 3025
3017 3505
3505 3025
3498 3063
3498 3506
729 3482
3029 3482
3506 2870
3506 3076
3159 1785
3159 1783
3505 751
3505 3014
3503 2922
3503 3507
3507 2922
3015 3026
3015 3508
3508 3026
3508 3007
3508 3027
1784 1782
1784 3021
3507 3152
3507 3160
3148 1207
3148 3149
1327 3509
3509 1334
1326 3509
1334 3504
3509 3504
3510 1339
3510 3145
1807 865
1807 3510
840 3158
3484 3158
2848 3511
3511 1328
3511 1325
1330 2848
1330 3511
3514 3512
3512 3513
3515 3512
3519 3513
3513 3518
3526 3524
3645 3512
3512 3644
3644 3645
3512 3646
3646 3644
3647 3513
3513 3645
3645 3647
3518 3647
3647 3648
3650 3526
3650 3652
3652 3653
3570 3654
3654 3567
3657 3652
3652 3656
3657 3658
3660 3661
3661 3659
3657 3659
3664 3662
3662 3663
3664 3665
3656 3649
3649 3666
3671 3672
3672 3670
3670 3671
3672 3673
3673 3670
3675 3676
3676 3674
3674 3675
3676 3677
3677 3674
3673 3675
3675 3670
3673 3676
3679 3680
3680 3678
3678 3679
3680 3681
3681 3678
3682 3683
3683 3679
3679 3682
3683 3680
3684 3685
3685 3660
3685 3661
3685 3686
3686 3661
3686 3687
3687 3661
3682 3688
3688 3683
3682 3689
3689 3688
3691 3692
3692 3690
3690 3691
3692 3693
3693 3690
3693 3694
3694 3690
3693 3695
3695 3694
3697 3698
3698 3696
3696 3697
3699 3696
3671 3706
3706 3672
3671 3707
3709 3681
3709 3678
3711 3691
3713 3714
3714 3712
3715 3712
3717 3699
3699 3716
3698 3716
3720 3718
3718 3719
3724 3722
3724 3725
3720 3730
3731 3730
3699 3732
3713 3732
3713 3733
3712 3733
3722 3731
3734 3731
3719 3735
3735 3723
3736 3723
3717 3713
3698 3737
3738 3737
3746 3744
3747 3744
3651 3527
3677 3759
3759 3674
3677 3760
3760 3759
3761 3762
3762 3689
3689 3761
3762 3688
3764 3765
3765 3763
3763 3764
3765 3766
3766 3763
3767 3738
3738 3697
3697 3767
3724 3769
3768 3769
3646 3770
3770 3644
3646 3771
3771 3770
3644 3677
3677 3645
3676 3645
3676 3647
3673 3647
3672 3648
3648 3673
3772 3672
3772 3648
3525 3777
3777 3778
3778 3666
3778 3779
3779 3666
3780 3666
3780 3656
3671 3678
3678 3707
3670 3679
3679 3671
3675 3682
3682 3670
3674 3689
3689 3675
3759 3761
3761 3674
3680 3782
3680 3781
3781 3782
3688 3783
3783 3683
3783 3784
3784 3683
3784 3680
3784 3781
3708 3782
3688 3786
3786 3783
3762 3786
3614 3794
3614 3795
3687 3807
3807 3661
3687 3808
3663 3809
3809 3664
3663 3810
3811 3719
3811 3735
3716 3812
3812 3717
3736 3717
3720 3723
3716 3813
3737 3813
3814 3815
3815 302
3515 3646
3745 3646
335 3744
335 3771
3771 3744
3527 3774
3527 3748
3749 3527
3774 3777
3843 3774
3882 3884
3884 3881
3885 3780
3660 3868
3782 3693
3781 3693
3695 3784
3784 3763
3763 3695
3783 3763
3781 3695
3786 3764
3764 3783
384 3764
3764 385
384 3765
3694 3888
3888 3690
3888 3889
3889 3690
3889 3691
3889 3890
3890 3691
3710 3890
3766 3892
3892 3694
3694 3766
3892 3888
3765 3893
3893 3766
3893 3892
3894 3881
3897 3697
3697 3896
3896 3897
3696 3896
3696 3898
3732 3898
3732 3899
3733 3899
3900 3767
3767 3897
3897 3900
3900 3901
3901 3767
3901 3902
3908 3894
3757 3894
3655 3807
3807 3654
3655 3658
3658 3807
3885 3908
3779 3908
411 3759
3759 412
411 3761
413 3762
3762 414
413 3786
3745 3517
3695 3766
3902 3917
3917 3767
3738 3815
3917 3815
3918 3919
3919 3768
3725 3921
3644 3760
3770 3760
3814 3918
3918 3813
3768 3813
3771 3745
3768 3812
3724 3812
3658 3661
3649 3525
3665 3935
3935 3934
3736 3714
3735 3714
3808 3663
412 3760
3760 444
3901 446
446 3902
445 3902
3896 3889
3889 3897
3888 3897
3898 3890
3890 3896
3888 3900
3892 3900
3893 3900
3893 3901
385 3786
3809 3935
3943 3935
3734 3725
3944 3769
3704 3648
3777 3757
3811 3715
3715 3735
3891 3898
3668 3881
3893 457
457 3901
3566 3655
3657 3780
3658 3653
3810 3687
3724 3736
3814 460
3797 3818
3814 3737
3908 3778
445 3917
4060 4058
4073 4075
4075 4072
4073 4074
4077 4078
4078 4076
4076 4077
4078 4079
4079 4076
4081 4079
4079 4080
4080 4081
4078 4080
4083 4084
4084 4082
4082 4083
4084 4085
4085 4082
4086 4087
4087 4089
4087 4088
4088 4089
4090 4091
4092 4093
4095 4096
4096 4094
4094 4095
4096 4097
4097 4094
4100 4098
4102 4103
4103 4105
4105 4102
4103 4104
4104 4105
4108 4106
4106 4107
4108 4109
4111 4112
4112 4110
4113 4110
4115 4116
4116 4114
4114 4115
4116 4117
4117 4114
4119 4120
4120 4118
4118 4119
4120 4121
4121 4118
4122 4123
4123 4125
4125 4122
4123 4124
4124 4125
4127 4129
4132 4130
4130 4131
4132 4133
4107 4134
4134 4135
4137 4138
4138 4136
4139 4136
4140 4141
4141 4087
4087 4140
4141 4088
4143 4144
4144 4142
4142 4143
4144 4145
4145 4142
4147 4148
4148 4146
4146 4147
4148 4149
4149 4146
4151 4152
4152 4150
4150 4151
4152 4153
4153 4150
4155 4081
4081 4154
4154 4155
4080 4154
4156 4157
4157 4159
4157 4158
4158 4159
4160 4161
4161 4163
4162 4163
4121 4164
4164 4165
4120 4164
4151 4166
4166 4167
4150 4166
4171 4168
4169 4170
4173 4174
4174 4172
4172 4173
4174 4175
4175 4172
4177 4148
4148 4176
4176 4177
4148 4178
4178 4176
4175 4179
4179 4172
4175 4180
4180 4179
4155 4084
4084 4181
4181 4155
4084 4182
4182 4181
4181 4183
4183 4155
4183 4081
4184 4185
4185 4183
4183 4184
4185 4186
4186 4183
4185 4187
4187 4186
4187 4188
4188 4186
4190 4072
4072 4189
4190 4073
4178 4157
4157 4176
4178 4158
4126 4191
4193 4150
4150 4143
4193 4166
4195 4196
4196 4194
4194 4195
4196 4197
4197 4194
4198 4095
4198 4199
4199 4095
4119 4208
4208 4120
4119 4209
4209 4208
4211 4212
4212 4210
4210 4211
4212 4213
4213 4210
4215 4216
4216 4214
4214 4215
4216 4217
4217 4214
4219 4220
4220 4218
4218 4219
4221 4218
4223 4195
4195 4222
4222 4223
4194 4222
4225 4133
4133 4224
4225 4130
4228 4226
4226 4227
4228 4229
4231 4232
4232 4230
4230 4231
4232 4097
4234 4235
4235 4233
4238 4239
4239 4237
4237 4238
4239 4240
4240 4237
4251 4249
4249 4250
4251 4252
4254 4255
4255 4253
4253 4254
4255 4256
4256 4253
4259 4257
4257 4258
4259 4260
4266 4267
4267 4265
4265 4266
4267 4268
4268 4265
4198 4269
4269 4270
4198 4271
4273 4275
4117 4276
4276 4114
4117 4277
4277 4276
4279 4280
4280 4278
4281 4278
4210 4282
4282 4211
4282 4283
4285 4286
4286 4284
4284 4285
4286 4287
4287 4284
4120 4288
4288 4164
4208 4288
4290 4285
4285 4289
4289 4290
4284 4289
4293 4291
4291 4292
4293 4294
4296 4297
4297 4295
4295 4296
4297 4298
4298 4295
4301 4299
4299 4300
4301 4302
4298 4303
4303 4295
4303 4304
4304 4295
4305 4291
4291 4306
4294 4306
4306 4307
4307 4305
4308 4305
4309 4308
4308 4074
4307 4074
4297 4311
4311 4298
4297 4310
4310 4311
4300 4292
4292 4301
4300 4293
3920 4312
4313 4312
4314 4313
4313 3921
3944 828
828 4315
4288 4316
4316 4164
4316 4317
4317 4164
4319 4320
4320 4318
4318 4319
4320 4321
4321 4318
4323 4324
4324 4322
4322 4323
4324 4325
4325 4322
4326 4327
4327 4329
4329 4326
4327 4328
4328 4329
4289 4330
4330 4290
4330 4331
4331 4290
4317 4165
4317 4332
4332 4165
4333 4334
4334 4336
4336 4333
4334 4335
4335 4336
4338 4339
4339 4337
4337 4338
4339 4340
4340 4337
4342 4341
4341 4167
4342 4343
4345 4346
4346 4344
4344 4345
4346 4347
4347 4344
4349 4350
4350 4348
4348 4349
4350 4351
4351 4348
4353 4354
4354 4352
4352 4353
4354 4355
4355 4352
4356 4357
4357 4323
4323 4356
4357 4324
4336 4358
4358 4333
4358 4359
4359 4333
4361 4362
4362 4360
4360 4361
4362 4363
4363 4360
4366 4364
4364 4365
4366 4367
4368 4369
4369 4371
4371 4368
4369 4370
4370 4371
4289 4373
4373 4330
4289 4372
4372 4373
4372 4375
4375 4374
4374 4372
4375 4376
4376 4374
4378 4379
4379 4377
4377 4378
4379 4380
4380 4377
4216 4381
4381 4217
4381 4382
4382 4217
4384 4385
4385 4383
4383 4384
4385 4386
4386 4383
4387 4388
4388 4337
4337 4387
4388 4389
4389 4337
4335 4391
4391 4336
4335 4390
4390 4391
4393 4361
4361 4392
4392 4393
4360 4392
4395 4396
4396 4394
4394 4395
4396 4397
4397 4394
4400 4398
4398 4399
4400 4401
4401 4398
4344 4402
4402 4345
4402 4403
4403 4345
4405 4341
4341 4404
4405 4406
4408 4409
4409 4407
4407 4408
4409 4410
4410 4407
4407 4411
4411 4408
4411 4412
4412 4408
4180 4414
4414 4413
4413 4180
4414 4415
4415 4413
4182 4416
4416 4181
4182 4417
4417 4416
4418 4352
4352 4310
4310 4418
4352 4311
4420 4421
4421 4419
4419 4420
4421 4422
4422 4419
4355 4311
4355 4423
4423 4311
4332 4424
4424 4165
4332 4425
4425 4424
4142 4165
4142 4121
4426 4106
4106 4427
4427 4426
4109 4427
4429 4173
4334 4430
4430 4335
4430 4389
4389 4335
4389 4390
4388 4390
4431 4432
4432 4434
4434 4431
4432 4433
4433 4434
4436 4437
4437 4435
4435 4436
4437 4438
4438 4435
4440 4441
4441 4439
4439 4440
4441 4442
4442 4439
4358 4443
4443 4360
4360 4358
4443 4392
4445 4446
4446 4444
4444 4445
4446 4447
4447 4444
4340 4387
4340 4448
4448 4387
4449 4450
4450 4397
4397 4449
4450 4394
4452 4453
4453 4451
4451 4452
4453 4454
4454 4451
4456 4457
4457 4455
4455 4456
4457 4458
4458 4455
4459 4460
4460 4447
4447 4459
4460 4444
4462 4463
4463 4461
4461 4462
4463 4464
4464 4461
4464 4465
4465 4461
4464 4466
4466 4465
4467 4468
4468 4466
4466 4467
4468 4465
4467 4469
4469 4468
4467 4470
4470 4469
4471 4472
4472 4470
4470 4471
4472 4469
4474 4475
4475 4473
4473 4474
4475 4476
4476 4473
4478 4479
4479 4477
4477 4478
4479 4480
4480 4477
4482 4483
4483 4481
4481 4482
4483 4484
4484 4481
4486 4487
4487 4485
4485 4486
4487 4488
4488 4485
4490 4491
4491 4489
4489 4490
4491 4492
4492 4489
4493 4494
4494 4492
4492 4493
4494 4489
4495 4496
4496 4493
4493 4495
4496 4494
4495 4497
4497 4496
4495 4498
4498 4497
4499 4500
4500 4502
4502 4499
4500 4501
4501 4502
4504 4505
4505 4503
4503 4504
4505 4506
4506 4503
4465 4507
4507 4461
4507 4508
4508 4461
4469 4509
4509 4468
4509 4510
4510 4468
4512 4478
4478 4511
4511 4512
4477 4511
4514 4442
4442 4513
4513 4514
4441 4513
4515 4516
4516 4518
4518 4515
4516 4517
4517 4518
4520 4494
4494 4519
4519 4520
4496 4519
4521 4489
4489 4520
4520 4521
4490 4522
4522 4487
4487 4490
4522 4523
4523 4487
4524 4488
4488 4523
4523 4524
4483 4525
4525 4484
4525 4526
4526 4484
4502 4527
4527 4499
4527 4528
4528 4499
4529 4530
4530 4532
4532 4529
4530 4531
4531 4532
4534 4505
4505 4533
4533 4534
4505 4529
4529 4533
4535 4486
4535 4536
4536 4491
4491 4486
4536 4537
4493 4538
4538 4495
4538 4539
4539 4495
4541 4532
4532 4540
4540 4541
4532 4498
4498 4540
4543 4544
4544 4542
4542 4543
4544 4545
4545 4542
4547 4548
4548 4546
4546 4547
4548 4549
4549 4546
4535 4550
4550 4536
4550 4551
4551 4536
4551 4537
4551 4552
4552 4537
4553 4538
4538 4555
4555 4553
4538 4554
4554 4555
4556 4539
4539 4553
4553 4556
4558 4556
4556 4557
4557 4558
4556 4559
4559 4557
4556 4540
4540 4539
4558 4540
4561 4562
4562 4560
4560 4561
4562 4563
4563 4560
4545 4564
4564 4542
4564 4565
4565 4542
4546 4566
4566 4547
4566 4567
4567 4547
4569 4570
4570 4568
4568 4569
4570 4571
4571 4568
4573 4574
4574 4572
4572 4573
4574 4575
4575 4572
4577 4578
4578 4576
4576 4577
4578 4579
4579 4576
4581 4582
4582 4580
4580 4581
4582 4583
4583 4580
4584 4585
4585 4587
4587 4584
4585 4586
4586 4587
4588 4584
4584 4589
4589 4588
4587 4589
4591 4592
4592 4590
4590 4591
4592 4593
4595 4596
4596 4594
4594 4595
4596 4597
4597 4594
4599 4600
4600 4598
4598 4599
4600 4601
4601 4598
4562 4603
4603 4602
4602 4562
4603 4604
4604 4602
4602 4605
4605 4607
4607 4602
4606 4607
4609 4593
4593 4608
4609 4590
4611 4613
4613 4610
4611 4612
4612 4613
4615 4616
4616 4614
4614 4615
4617 4614
4601 4619
4619 4618
4618 4601
4619 4620
4618 4621
4621 4601
4621 4598
4604 4598
4598 4622
4622 4604
4621 4622
4622 4602
4622 4605
4625 4623
4623 4624
4625 4626
4436 4627
4627 4437
4436 4628
4628 4627
4440 4629
4629 4441
4440 4630
4630 4629
4629 4631
4631 4441
4631 4513
4632 4633
4633 4528
4528 4632
4633 4499
4633 4500
4633 4634
4634 4500
4636 4545
4545 4635
4635 4636
4544 4635
4638 4564
4564 4637
4637 4638
4564 4639
4639 4637
4575 4640
4640 4572
4575 4641
4641 4640
4592 4642
4642 4593
4642 4643
4643 4593
4644 4608
4608 4643
4643 4644
4647 4645
4645 4646
4647 4648
4648 4645
4651 4649
4649 4650
4651 4652
4653 4497
4497 4518
4518 4653
4497 4531
4531 4518
4519 4507
4507 4520
4507 4510
4510 4520
4521 4509
4509 4522
4522 4521
4509 4654
4654 4522
4523 4655
4655 4524
4655 4656
4656 4524
4513 4528
4528 4514
4527 4514
4657 4658
4658 4660
4660 4657
4658 4659
4659 4660
4539 4498
4492 4554
4554 4493
4482 4549
4481 4549
4543 4500
4500 4544
4543 4501
4544 4634
4634 4635
4588 4662
4662 4661
4661 4588
4662 4663
4663 4661
4661 4664
4664 4557
4557 4661
4664 4558
4568 4585
4585 4569
4585 4559
4559 4569
4551 4665
4665 4552
4665 4666
4666 4552
4667 4668
4668 4669
4669 4667
4668 4665
4665 4669
4671 4672
4672 4670
4670 4671
4672 4673
4673 4670
4286 4674
4674 4287
4674 4675
4675 4287
4677 4678
4678 4676
4676 4677
4678 4679
4679 4676
4680 4677
4677 4681
4681 4680
4682 4680
4682 4683
4163 4684
4684 4160
4163 4685
4413 4686
4686 4688
4688 4413
4686 4687
4687 4688
4404 4689
4689 4345
4345 4404
4689 4346
4690 4398
4398 4692
4692 4690
4398 4691
4691 4692
1208 4693
4693 4364
4693 4365
1210 4650
4694 4695
4695 4254
4254 4694
4695 4255
4696 4697
4697 4217
4217 4696
4699 4700
4700 4698
4701 4698
4703 4302
4302 4702
4703 4299
3921 4315
4704 4652
4705 4706
4709 4707
4707 4708
4709 4710
4333 4712
4712 4334
4333 4711
4711 4712
4713 4339
4339 4320
4320 4713
4339 4321
4715 4716
4716 4714
4717 4714
4240 4718
4718 4237
4240 4719
4719 4718
4230 4720
4720 4306
4723 4721
4721 4722
4723 4724
4727 4725
4725 4726
4727 4728
4728 4725
4729 4730
4730 4326
4326 4729
4730 4327
4732 4733
4733 4731
4731 4732
4733 4734
4734 4731
4719 4380
4380 4735
4735 4719
4380 4736
4736 4735
4737 4738
4738 4740
4740 4737
4738 4739
4739 4740
4743 4741
4741 4742
4743 4744
4744 4741
4389 4338
4430 4338
4745 4746
4746 4430
4430 4745
4746 4338
4331 4288
4288 4290
4331 4316
4208 4290
4208 4285
4285 4209
4209 4286
4749 4747
4747 4748
4749 4750
4283 4751
4751 4211
4283 4752
4753 4211
4753 4212
4250 4224
4224 4251
4250 4225
4247 4226
4710 4757
4757 4707
4710 4646
4646 4757
4365 4758
4758 4366
4365 4759
4525 4512
4512 4526
4511 4526
4422 4384
4384 4419
4422 4385
4761 4762
4762 3943
4272 4764
4272 4763
4763 4764
4767 4765
4765 4766
4767 4768
4768 4769
4770 4765
4092 4162
4162 4093
4772 4774
4774 4771
4772 4773
4776 4777
4777 4775
4778 4775
4416 4184
4184 4181
4779 4077
4077 4780
4780 4779
4076 4780
4076 4781
4781 4780
4076 4188
4188 4781
4187 4782
4782 4188
4782 4781
4294 4231
4231 4306
4784 4785
4785 4783
4786 4783
4783 1306
1306 4784
1305 4784
4779 4095
4095 4077
4779 4096
4073 4309
4787 4309
4073 4788
4788 4787
4190 4058
4190 4789
4790 4276
4276 4791
4791 4790
4277 4791
3734 4792
4312 4792
4792 4793
4793 3731
4791 4794
4794 4790
4794 4795
4795 4790
4796 4797
4797 4798
4723 4798
4762 4799
4799 3935
4711 4801
4801 4712
4711 4802
4802 4801
4145 4803
4803 4118
4118 4145
4803 4804
4804 4118
4653 4496
4653 4519
4805 4806
4806 1325
1325 4805
4806 1326
4687 1329
1329 4688
4687 1330
4788 4061
4809 4810
4810 4808
4808 4809
4810 4811
4811 4808
4812 4402
4402 4813
4815 4348
4348 4814
4815 4349
4816 4817
4817 4819
4819 4816
4817 4818
4818 4819
4405 4820
4820 4406
4820 4821
4821 4406
4160 4823
4823 4822
4413 4824
4824 4180
4688 4824
4739 4825
4825 4740
4739 4826
4826 4825
4827 4828
4828 4826
4826 4827
4828 4825
4140 4414
4414 4141
4140 4147
4147 4414
4834 4835
4835 4625
4625 4834
4835 4420
4420 4625
4450 4708
4708 4394
4707 4394
4626 4419
4419 4836
4836 4626
4384 4836
4836 1364
1364 4837
4395 4838
4838 4396
4395 4839
4839 4838
4841 4627
4627 4840
4840 4841
4628 4840
4673 4630
4630 4670
4673 4629
4673 4658
4658 4629
4658 4631
4632 4631
4631 4657
4657 4632
4657 4503
4503 4632
4503 4633
4633 4506
4506 4634
4842 4635
4635 4506
4506 4842
4843 4636
4636 4842
4842 4843
4843 4639
4639 4636
4843 4663
4663 4639
4637 4662
4662 4641
4641 4637
4662 4844
4844 4641
4846 4642
4642 4845
4845 4846
4642 4640
4640 4845
4643 4847
4847 4644
4847 4848
4848 4644
4850 4851
4851 4849
4849 4850
4851 4852
4852 4849
4854 4855
4855 4853
4853 4854
4855 4856
4856 4853
4858 4859
4859 4857
4856 4857
4717 4858
4861 4862
4862 4860
4862 4863
4863 4860
4865 4866
4866 4864
4864 4865
4866 4867
4869 4870
4870 4868
4868 4869
4870 4871
4871 4868
4871 4115
4115 4868
4871 4116
4818 4873
4873 4819
4818 4872
4872 4873
4879 4880
4880 4878
4878 4879
4880 4881
4881 4878
4883 4884
4884 4882
4882 4883
4884 4885
4885 4882
4886 4887
4887 4279
4816 4888
4888 4817
4816 4889
4889 4888
4890 4192
4192 4822
4191 4822
4892 4227
4227 4891
4892 4228
4156 4893
4896 4131
4131 4895
4896 4132
4098 4682
4682 4099
4681 4099
4099 4898
4149 4105
4105 4146
4105 4899
4899 4146
4681 4897
4676 4897
4081 4186
4186 4079
4079 4188
4189 4789
4189 4900
4157 4679
4679 4176
4893 4679
4135 4751
4751 4107
4135 4753
4752 4107
4752 4108
4816 4901
4901 4889
4901 4902
4904 4906
4908 4909
4909 4907
4907 4908
4909 4910
4910 4907
4912 4913
4913 4911
4915 4916
4916 4918
4918 4915
4916 4917
4917 4918
4423 4298
4423 4303
4919 4920
4920 4296
4296 4919
4920 4297
4193 4921
4921 4166
4921 4922
4923 4399
4399 4690
4690 4923
4707 4395
4757 4395
4924 4367
4924 4925
4917 4872
4872 4918
4917 4873
4835 4926
4926 4420
4926 4421
4920 4927
4927 4297
4927 4310
4145 4121
4928 4929
4929 4454
4454 4928
4929 4451
4931 4932
4932 4930
4930 4931
4932 4933
4933 4930
4934 4935
4935 4931
4931 4934
4935 4932
4459 4456
4456 4460
4459 4457
4478 4474
4474 4479
4478 4475
4659 4672
4672 4516
4516 4659
4672 4936
4936 4516
4660 4504
4504 4657
4482 4488
4488 4483
4482 4485
4508 4462
4508 4517
4517 4462
4510 4465
4654 4472
4472 4655
4655 4654
4472 4476
4476 4655
4475 4656
4656 4476
4512 4475
4512 4656
4524 4483
4524 4525
4548 4485
4548 4535
4547 4535
4547 4550
4567 4550
4567 4669
4669 4550
4588 4844
4589 4844
4667 4576
4576 4937
4937 4667
4579 4937
4939 4937
4937 4938
4938 4939
4937 4940
4940 4938
4939 4941
4941 4668
4668 4939
4941 4942
4942 4668
4586 4581
4581 4943
4943 4586
4580 4943
4847 4846
4846 4607
4607 4847
4846 4563
4563 4607
4615 4944
4944 4612
4612 4615
4944 4597
4597 4612
4614 4945
4945 4615
4945 4944
4946 4938
4938 4947
4947 4946
4938 4945
4945 4947
4604 4599
4603 4599
4606 4847
4606 4848
4611 4615
4611 4616
4948 4708
4708 4834
4948 4709
4356 1476
1476 4836
4836 4356
4711 4949
4949 4802
4949 4950
4950 4802
4951 4401
4951 4952
4759 4401
4401 4758
4759 4398
4519 4508
4653 4508
4521 4510
4525 4656
4632 4513
4933 4452
4452 4930
4933 4453
4152 4953
4953 4153
4953 4954
4954 4153
4956 4957
4957 4955
4955 4956
4957 4958
4958 4955
4960 4961
4961 4959
4959 4960
4961 4962
4962 4959
4119 4963
4963 4209
4963 4964
4964 4209
4966 4967
4967 4965
4965 4966
4967 4968
4968 4965
4348 4691
4691 4814
4691 4969
4970 4705
4646 4971
4971 4757
4645 4971
4972 4362
4362 4645
4645 4972
4362 4971
4949 4359
4359 4973
4973 4949
4359 4363
4363 4973
4334 4745
4712 4745
4357 4713
4713 4324
4320 4324
4763 4265
4265 4764
4763 4974
4974 4265
4916 4977
4977 4917
4977 4978
4978 4917
4281 4853
4853 4278
4281 4268
4268 4853
4819 4879
4879 4816
4879 4901
4902 4979
4902 4885
4885 4979
4981 4982
4982 4980
4980 4981
4982 4122
4122 4980
4794 4850
4850 4795
4849 4795
4978 4873
4978 4880
4880 4873
4808 4403
4403 4809
4402 4809
4353 4984
4984 4983
4983 4353
4984 4985
4985 4983
4986 4837
4987 4366
4987 4924
4988 4989
4989 4480
4480 4988
4989 4477
4514 4989
4989 4442
4514 4990
4990 4989
4511 4991
4991 4526
4511 4990
4990 4991
4502 4991
4991 4527
4502 4992
4992 4991
4992 4993
4993 4484
4484 4992
4993 4481
4543 4994
4994 4501
4994 4993
4993 4501
4994 4995
4995 4549
4549 4994
4995 4546
4997 4998
4998 4996
4996 4997
4998 4565
4565 4996
4997 4999
4999 4577
4577 4997
4999 4578
5000 5001
5001 4595
4595 5000
5001 4596
4590 5003
5003 5002
4420 4626
4837 4626
4837 4623
4704 5004
4706 5005
4720 4074
4720 4075
5006 4199
4199 4796
4796 5006
4685 5007
5007 4684
4685 5008
4889 5009
4322 1540
1540 4323
1539 4323
4383 4357
4357 4384
4383 4713
4757 4839
4971 4839
4865 4851
4851 5010
5010 4865
4851 5011
5011 5010
4259 4979
4979 5012
4259 5009
5013 4874
4877 5014
5016 5017
5017 5015
5018 5015
5018 5019
5020 5019
5022 5023
5023 5021
5024 5021
5026 5027
5027 5025
5028 5025
5030 5031
5031 5029
5032 5029
5034 5035
5035 5033
5038 5039
5039 5037
5040 5037
5042 5043
5043 5041
5041 5042
5043 5044
5044 5041
5037 5045
5045 5038
5046 5038
5048 5049
5049 5047
5049 5050
5050 5047
5052 5053
5053 5051
5054 5051
5056 5023
5023 5055
5057 5055
5059 5060
5060 5058
5061 5058
5063 5064
5064 5062
5065 5062
5042 5049
5049 5063
5063 5042
5049 5064
5040 5066
5066 5037
5040 5067
5067 5066
5069 5070
5070 5068
5071 5068
5073 5074
5074 5072
5072 5073
5074 5075
5075 5072
5033 5076
5076 5034
5076 5077
5077 5034
5079 5080
5080 5078
5081 5078
5084 5082
5082 5083
5084 5085
5083 5086
5087 5086
5090 5088
5093 5094
5094 5092
5092 5093
5094 5095
5095 5092
5097 5098
5098 5096
5096 5097
5099 5096
5102 5100
5105 5107
5107 5104
5105 5106
5110 5108
5108 5109
5110 5111
5113 5093
5093 5112
5112 5113
5092 5112
5116 5114
5120 5118
5118 5119
5120 5121
5124 5122
5122 5123
5124 5125
5130 5097
5134 5132
5132 5133
5134 5121
5124 5087
5124 5135
5138 5136
5139 5136
5141 5101
5101 5140
5100 5140
5105 5142
5142 5106
5142 5143
5143 5106
5145 5146
5146 5144
5144 5145
5146 5147
5147 5144
5148 5149
5149 5108
5108 5148
5149 5109
5109 5151
5151 5150
5149 5151
4714 5139
5139 4715
5138 4715
5142 4869
4869 5143
4868 5143
4114 5145
5145 4115
5144 4115
4795 5148
5148 4790
4795 5149
4849 5149
4849 5151
4857 5141
5141 4858
5140 4858
5153 5114
5114 5152
5153 5104
5155 5156
5156 5154
5157 5154
5158 5159
5159 5052
5160 5161
5161 5019
5067 5019
5028 5162
5020 5162
5085 5163
5163 5082
5085 5164
5166 5165
5168 5169
5169 5171
5171 5168
5169 5170
5170 5171
5176 5108
5108 5177
5111 5177
5179 5181
5125 5119
5119 5122
5125 5120
5166 5180
5184 5178
5185 5148
5148 5176
5176 5185
4867 5183
5183 4864
5178 4864
5188 5186
4790 5185
5185 4276
5181 4864
5181 4852
5188 4861
4861 5189
4860 5189
5155 5074
5074 5190
5191 5190
5034 5192
5192 5035
5034 5193
5193 5192
5117 5152
5117 5194
5024 5195
5196 5195
5157 5068
5061 5068
5065 5197
5197 5062
5065 5198
5198 5197
5075 5199
5199 5072
5075 5071
5071 5199
5105 5203
5203 5142
5105 5204
5204 5203
5112 5205
5131 5192
5192 5097
5131 5194
5203 5206
5206 5142
5206 4869
5135 5207
5209 5088
5210 5017
5017 5059
5016 5039
5039 5069
5190 5159
5159 5155
5047 5027
5027 5048
5057 5048
5203 4857
4857 5206
5203 5141
5140 4714
5211 5161
5161 5041
5041 5211
5050 5041
5151 4852
5133 5212
5212 5213
5164 5132
5132 5163
5164 5212
5217 5147
5217 5218
5146 5176
5176 5217
5177 5217
5100 5139
5216 5201
5145 5185
5185 5146
5185 4114
5191 5030
5054 5219
5196 5219
5144 4868
5144 5143
5036 5213
5099 5113
5113 5096
5099 5093
5106 5218
5218 5107
5106 5147
5134 5115
5115 5220
5110 5208
5143 5147
5181 5150
5207 5221
5221 5087
5207 5170
5170 5221
5207 5171
5222 1755
1755 4697
1754 4697
4426 5223
5223 4106
5223 4134
4177 4678
4678 5224
5224 4177
4678 5225
5225 5224
5227 4891
4891 5226
5227 4892
4170 5228
5229 4171
4854 4267
4267 4883
4883 4854
4267 4884
4883 4870
4870 4854
4870 4855
5230 4895
4895 4683
5230 4896
4766 5008
5008 4767
4766 5007
5153 5101
5101 5204
5153 5102
5097 5193
5193 5098
5198 5078
5032 5078
5141 5204
4426 4680
4680 5223
4426 4677
4793 4761
4761 3730
3943 3730
3943 3721
3809 3721
3721 3810
3810 3718
3718 3686
3686 3811
3811 3685
3685 3715
3715 3684
3684 3712
4402 5234
5234 4809
4344 1769
1769 4813
4762 4787
4761 4309
4793 4308
4792 4305
4312 4301
4313 4302
4314 4702
1539 4356
5245 5246
5246 5244
5244 5245
5246 5247
5247 5244
5248 5246
5246 1783
1783 5248
5246 1784
5249 5250
5250 5252
5252 5249
5250 5251
5251 5252
5254 5251
5251 5253
5253 5254
5251 5255
5255 5253
5255 5257
5257 5253
5255 5256
5256 5257
5256 5259
5259 5257
5256 5258
5258 5259
4355 5260
5260 4423
5260 5258
5258 4423
4354 5261
5261 4355
5261 5260
4923 5263
5263 5262
5262 4923
5263 5264
5264 5262
4692 5265
5265 4690
5265 5266
5266 4690
4350 5267
5267 4351
5267 5268
5268 4351
1806 4350
4350 1807
1806 5267
4787 4800
4800 4799
3728 3934
3934 4800
3665 3728
3797 3665
3797 3662
3817 3662
3817 3808
3816 3808
3816 3807
3654 3816
3567 3795
4077 5269
5269 4078
4077 5006
5006 5269
5271 4232
4232 5270
5271 5272
5272 4232
5274 5275
5275 5273
5273 5274
5275 5276
5276 5273
4235 5277
5279 5270
5270 5277
5279 5271
5280 4235
5280 5281
5284 5282
5282 5283
5284 5285
5288 5286
5286 5287
5288 5289
5291 5292
5292 5290
5290 5291
5292 5293
5293 5290
5289 4725
4725 5286
5289 5294
4291 4312
4735 4718
4735 5295
5295 4718
5296 4908
4908 5297
5297 5296
4907 5297
5299 4975
5304 4982
4982 5303
5304 5305
5305 4982
4724 5282
5282 4721
4724 5310
5293 4124
4124 5290
5293 4125
5312 5313
5313 5311
5311 5312
5313 5314
5316 5318
4818 4980
4980 4872
4980 5321
5321 4872
4122 5321
4125 5321
5324 5322
5322 5323
5324 5325
4763 5326
5326 5327
5327 4974
5326 5328
4170 4768
5013 5008
5013 5228
5332 4888
4888 5331
5334 5323
5323 5333
5334 5324
5305 4122
5305 4123
4817 4981
4981 4818
5009 4258
4767 5228
5336 4915
4915 5335
5335 5336
4918 5335
5292 5336
5336 5293
5335 5293
4817 5332
5332 4981
4918 5321
5321 5335
5335 4125
5325 5342
5342 5322
5325 5285
4913 5343
5343 4914
5314 5343
5343 5311
5347 5345
5347 5348
5352 5348
5356 5354
5354 5355
5356 4798
5358 5333
5333 5357
5358 5334
5357 5359
4092 5357
5359 4162
5304 4875
5269 4777
4777 4078
4777 4080
4778 5360
5360 4773
5356 4773
5358 4774
4774 5355
5358 4091
5303 4981
4257 5229
5229 5014
4257 5327
4274 4905
4274 4887
4887 4906
4743 4906
4886 4716
4716 4744
4744 4886
4716 4863
4863 4744
5138 4860
5137 5189
5215 5186
4741 4862
4862 5365
5365 4741
4862 4866
4866 5365
5188 4867
5187 5183
5174 5184
5168 5092
5092 5169
5168 5112
5199 5372
5372 5072
5372 5095
5095 5072
5373 5374
5374 5199
5199 5373
5374 5372
5046 5373
5086 5045
5045 5084
5045 5375
5375 5084
5211 5376
5376 5066
5066 5211
5376 5375
5375 5066
5044 5211
5044 5376
5063 5377
5377 5042
5062 5076
5076 5063
5081 5197
5081 5077
5077 5197
5098 5080
5080 5099
5378 5099
5378 5093
5378 5094
5380 5381
5381 5379
5382 5379
5384 5385
5385 5383
5382 5383
5386 5385
5386 5387
5389 5390
5390 5388
5391 5388
5392 5393
5393 5395
5394 5395
5397 5398
5398 5396
5399 5396
5401 5402
5402 5400
5403 5400
5405 5406
5406 5404
5403 5404
5407 5408
5408 5162
5409 5162
5410 5411
5411 5413
5412 5413
5056 5415
5415 5414
5416 5414
5392 5415
5415 5417
5418 5417
5394 5419
5420 5419
5422 5423
5423 5421
5424 5421
5416 5219
5425 5219
5417 5390
5390 5392
5413 5387
5387 5410
5391 5410
5058 5426
5426 5059
5427 5059
5422 5426
5426 5428
5429 5428
5431 5381
5381 5430
5424 5430
5428 5406
5406 5422
5379 5408
5408 5380
5432 5380
5432 5421
5427 5421
5026 5411
5411 5055
5418 5055
5434 5435
5435 5433
5436 5433
5158 5438
5438 5437
5439 5437
5052 5435
5435 5158
5440 5402
5402 5397
5409 5025
5412 5025
5439 5441
5429 5441
5447 5449
5479 5481
5483 5447
5484 5448
5475 5487
5510 5505
5482 5446
5595 5461
5523 5605
5596 5456
5645 5643
5611 5461
5458 5682
5646 5672
5686 5682
5686 5684
5686 5688
5702 5431
5383 5573
5386 5572
5404 5568
5430 5669
5696 5383
5570 5384
5718 5604
5725 5554
5687 5684
5682 5672
5420 5433
5399 5433
5405 5567
5479 5553
5479 5725
5611 5685
5425 5051
5436 5051
5460 5659
5556 5726
5478 5556
5478 5483
4184 6273
6273 4185
4184 6274
6274 6273
5242 3891
4116 6280
6280 4117
6280 6281
6281 4117
6281 4277
6281 4878
4878 4277
4886 4717
4279 4717
4277 4881
4881 4791
4791 6282
6282 4794
4881 6282
4850 5011
4850 6283
6283 5011
4855 5206
5206 4856
4859 4278
4278 4856
4279 4859
4862 4744
4866 5010
5010 5365
4883 4871
4882 4871
4882 4116
4882 6280
4850 6282
6282 6283
4865 4852
4869 4855
4715 4863
4866 4861
4854 4268
4280 4273
4273 4281
4764 4281
4742 4906
4742 4903
4880 4819
4884 5012
5012 4885
4274 4280
4901 6281
6281 4902
6280 4902
6282 4978
4978 6283
4977 6283
4764 4268
4878 4901
6280 4885
4880 6282
4884 4266
4266 5012
4886 4743
4409 6284
6284 4410
6284 4811
4811 4410
4748 6285
6285 4749
4748 6286
6286 6285
6288 4694
4694 6287
6287 6288
4254 6287
4749 4674
4674 4750
4674 4964
4964 4750
6289 6290
6290 4962
4962 6289
6290 4959
4805 4410
4410 4806
4805 4407
6291 6292
6292 4958
4958 6291
6292 4955
4957 6293
6293 4958
6293 4954
4954 4958
4963 4962
4963 4804
4804 4962
4960 4750
4750 4961
4960 4747
6295 6296
6296 6294
6294 6295
6296 6297
6297 6294
6298 6299
6299 6287
6287 6298
6299 4734
4734 6287
4960 6300
6300 6301
4959 6300
6286 6302
6302 6303
4967 6304
6304 4968
6304 6305
6305 4968
4412 6307
6307 6306
6306 4412
6307 4899
4899 6306
4959 6308
6308 6300
6290 6308
4407 6309
6309 4411
4805 6309
4695 6310
6310 4255
6310 6311
6311 4255
4748 6312
6312 6302
4747 6301
6301 6312
6314 6315
6315 6313
6313 6314
6315 6316
6316 6313
4083 6317
6317 6314
6314 4083
6317 6315
4082 6318
6318 4083
6318 6317
4111 6319
6319 4082
6321 4137
4137 6320
4136 6320
4127 6322
4192 6322
6324 6322
4890 6324
6325 6324
4890 6326
6326 6325
6327 6325
4823 5226
5226 6326
4823 5227
4683 6328
6328 5230
4098 6328
6329 6328
4101 6329
6330 6329
4173 4825
4825 4428
4172 4740
4740 4173
4179 4737
4737 4172
6331 6332
6332 4179
4179 6331
6332 4737
6273 6333
6333 4185
6333 4187
4824 4179
4824 6331
5043 5212
5212 5044
5164 5044
5086 5046
5221 5046
5062 5077
5098 5081
5193 5081
5094 5073
5073 5095
5372 5169
5169 5095
5374 5170
5170 5372
5221 5374
5037 5375
5376 5085
5085 5375
5164 5376
5377 5213
5213 5043
5033 5377
5193 5077
5079 5378
6334 5378
6334 5094
6334 5073
5031 5079
5079 5032
5016 5040
5015 5040
5042 5050
5064 5022
5022 5065
5021 5065
5048 5064
5015 5067
5070 5373
5373 5071
5155 5075
5154 5075
5211 5067
5073 5191
6334 5191
5021 5198
5195 5198
5154 5071
5038 5070
5160 5050
6334 5031
5195 5032
5210 5018
5407 5018
5407 5020
5056 5024
5414 5024
5047 5028
5160 5028
5053 5030
5030 5054
5029 5054
5022 5057
5060 5069
5069 5061
5156 5437
5437 5157
5441 5157
5190 5053
5160 5020
5414 5196
5441 5061
5016 5060
5158 5156
5026 5057
5029 5196
5379 5409
6335 5409
5412 5026
5395 5416
5416 5392
5056 5418
5395 5425
5419 5425
5422 5427
5058 5429
5407 5432
5210 5432
5210 5427
5410 5418
5052 5436
5438 5401
5401 5439
5400 5439
5434 5438
6335 5412
5400 5429
5419 5436
5431 5382
5385 6335
6335 5382
5385 5413
5417 5391
5704 5394
5394 5703
5393 5703
5398 5434
5434 5399
5440 5403
5428 5403
5704 5420
5747 5420
5423 5705
5705 5424
5389 5393
5387 5388
5380 5424
5405 5423
5401 5398
5747 5399
4096 4720
4720 4097
5272 4097
5272 4094
6336 6337
6337 4784
4075 4779
4779 4072
4780 4072
4189 4780
4900 4781
4075 4096
6336 2878
2878 4700
2877 4700
6338 5271
6338 6339
5280 6340
6341 6340
6301 4109
6303 4283
6304 4378
4378 6305
4377 6305
6300 4427
6308 4427
6309 4687
4687 4411
4686 4411
6302 4752
6312 4108
6342 5225
5225 4427
4427 6342
5225 4426
4899 4415
4415 4146
6307 4415
6310 4240
4240 6311
6310 4719
5222 6343
6343 4701
4219 6344
6345 6344
5274 6346
6346 5275
5274 6347
6347 6346
5274 4727
4727 6347
4727 6348
6348 6347
6349 5283
5283 4726
6349 5284
6351 6353
6353 6350
6351 6352
6352 6353
5311 5291
5291 5312
5311 5292
5343 5292
5343 5336
4913 5336
4913 4915
4912 4915
4912 4916
4912 6354
6354 4916
6354 4977
6355 6356
6356 6283
6283 6355
6356 5011
6357 5011
6357 5010
6357 5365
6358 5365
6359 4741
4741 6358
6365 6366
6366 4252
4252 6365
6366 4249
4213 6367
6367 4210
6367 4379
4379 4210
4378 4210
4378 4282
6304 4282
6304 6303
4967 6303
4967 6286
4966 6286
4966 6285
4966 6296
6296 6285
6296 4675
4675 6285
6295 4375
4375 4287
4287 6295
4375 4284
4372 4284
6368 6369
6369 6371
6371 6368
6369 6370
6370 6371
5244 6372
6372 5245
6372 6373
6373 5245
4316 6374
6374 4317
6374 6375
6375 4317
4330 6376
6376 4331
6376 6377
6377 4331
6378 4332
4332 6375
6375 6378
4342 6379
6379 4343
6379 6380
6380 4343
4346 6381
6381 4347
6381 6382
6382 4347
4373 6370
6370 4330
6370 6376
6378 4425
6378 6383
6383 4425
4689 6384
6384 4346
6384 6381
6377 4316
6377 6374
4921 6385
6385 4922
6385 6386
6386 4922
6387 6388
6388 4374
4374 6387
6388 6389
6389 4374
6354 6355
6355 4977
6359 4742
6390 4237
4237 6391
6391 6390
4718 6391
4718 6392
6392 6391
5295 6392
6394 6395
6395 6393
6393 6394
6395 6396
6396 6393
6399 6397
6405 5349
5317 6405
5287 4196
4196 6407
4196 6408
6408 6407
4215 6409
6409 4216
4215 6410
6410 6409
6411 6326
6411 6327
6412 5226
6412 6411
6413 4891
6413 6412
6414 4227
6414 6413
6415 4226
6415 6414
6416 4247
6416 6415
4246 6418
6418 6416
6417 6420
6420 6418
5300 6422
6422 6421
5299 6423
6423 6422
6408 6397
6425 6426
6426 6396
6396 6425
6426 6393
6427 4223
4223 6428
6428 6427
4222 6428
6346 6345
6345 5275
4219 5275
6346 6340
6338 6340
5277 5281
5281 5279
5223 4683
4134 4895
4135 4131
4225 4753
4753 4130
4250 4212
4212 4225
4249 4213
4213 4250
6366 4213
6366 6367
6366 4909
4909 6367
4909 4736
4736 6367
5296 4735
4735 4908
5296 5295
5296 6394
6394 5295
6394 6392
6426 6429
6429 6393
6429 6430
6430 6393
6428 4382
4382 6427
4381 6427
4218 5276
5276 4219
4221 4696
4696 4382
4382 4221
6344 4698
4698 4220
6343 4220
6341 4699
4699 6344
4234 4785
4785 5280
6337 5280
4786 4234
5270 6431
5278 6432
6431 6432
6432 4786
6437 6359
6439 6440
6438 6441
6355 6441
6441 6356
6355 6443
6445 4912
5349 5315
6448 5349
6456 6390
6390 6457
6457 6456
6391 6457
6391 6430
6430 6457
6392 6430
5297 6395
6395 5296
6402 6458
6406 6461
6462 6460
6464 6458
6429 6465
6465 6430
6465 6457
6465 6409
6409 6457
6409 6456
6410 6456
6410 6466
6466 6456
6395 6423
6423 6396
6424 6396
6394 6430
6467 5305
5305 5359
5359 6467
6468 4123
4123 6467
6467 6468
6469 4124
4124 6468
6468 6469
6470 5290
5290 6469
6469 6470
6352 5291
5291 6470
6470 6352
6352 5312
6351 5312
5346 5313
5313 6351
6351 5346
5317 5345
5333 6467
6467 5357
5323 6468
6468 5333
5322 6469
6469 5323
5342 6470
6470 5322
6352 5342
5342 6353
6348 4269
4269 6347
6348 5310
6339 5272
6339 4271
5270 4231
4231 6431
6431 4294
4293 6432
4299 6432
4783 4299
4703 3012
3012 4783
6471 5103
5115 5104
5123 5111
5204 5104
5179 5167
5187 5175
5122 5177
5089 5182
5150 5182
5137 5216
5118 5218
5118 5220
5177 5118
5136 5103
5107 5220
5109 5209
5152 5102
5173 5167
5171 5091
5036 5117
5163 5121
5083 5125
5201 5131
5220 5121
5123 5135
5082 5120
5035 5194
5096 5202
6471 5194
5208 5091
5133 5116
6406 5352
6462 5351
6464 5287
4223 6425
6425 4195
4223 6426
6426 6427
6427 6429
6429 4381
4381 6465
6465 4216
4238 3014
3014 4239
4238 3015
4256 3016
3016 4253
4256 3017
6472 6473
6473 4731
4731 6472
6473 6474
6474 4731
6473 6373
6373 6474
6372 6474
6373 3021
3021 5245
6373 3022
4253 6298
6298 4254
6472 6299
6299 3023
3023 6472
6299 3024
6475 4256
4256 6311
6311 6475
4239 6475
6475 4240
6476 4238
4238 6390
6390 6476
6466 6476
6476 6456
6410 3028
3028 6466
3027 6466
4215 3029
3029 6410
6479 6477
6480 6477
6483 6481
6486 4101
6487 6477
4828 6489
6485 4100
6487 4156
4086 6489
4266 4260
4260 5012
4260 4974
4266 4974
3615 6492
6497 4900
6332 6498
6498 4737
6498 4738
6499 6500
6500 6313
6313 6499
6500 4417
4417 6313
6501 6274
6274 4416
4416 6501
6496 4782
4059 4789
6274 3073
3073 6273
6274 3074
6498 6503
6503 4738
6503 6316
6316 4738
6331 3076
3076 6332
6331 3077
6273 3078
4824 3077
4824 3079
6333 6502
6502 4187
4688 3079
6505 4746
4746 6504
6504 6505
4745 6504
6504 6506
6506 6505
6506 6507
6507 6505
4296 6508
6508 4919
6508 6509
6509 4919
4295 6510
6510 4296
6510 6508
6507 4318
4318 6505
6507 6511
6511 4318
4370 6513
6513 4371
4370 6512
6512 6513
4295 5250
5250 6510
4304 5250
5249 6510
5249 6514
6514 6510
6515 6508
6508 6514
6514 6515
6516 6506
6506 6518
6506 6517
6517 6518
6511 6519
6519 6512
6512 6511
6519 6513
6516 6507
6516 6520
6520 6507
5248 6522
6522 6521
6521 5248
6522 6523
6523 6521
6524 6369
6369 5252
5252 6524
6369 6525
6525 5252
4369 4322
4322 4370
4325 4370
4369 3102
3102 4322
6516 6526
6526 6520
6518 6526
6519 6527
6527 6513
6527 6528
6528 6513
6530 6531
6531 6529
6529 6530
6531 6532
6532 6529
5249 6533
6533 6514
6533 6534
6534 6514
6532 6535
6535 6529
6532 6536
6536 6535
6525 6537
6537 6533
6533 6525
6537 6536
6536 6533
6534 6515
6534 6538
6538 6515
4320 4325
4319 4325
4325 6512
4319 6512
6530 4730
4730 6540
6540 6530
4730 6539
6539 6540
4729 6539
4729 6541
6541 6539
4729 3120
3120 6541
3119 6541
6529 4327
4327 6530
6529 4328
6535 4328
6535 6523
6523 4328
6535 6542
6542 6523
6543 6544
6544 6521
6521 6543
6544 5247
5247 6521
6387 5244
5244 6388
6387 6372
6387 6545
6545 6372
6545 6474
4732 6545
6545 6294
6294 4732
6545 4376
4376 6294
6474 4732
4392 4431
4431 4393
4434 4393
4433 4671
4671 4841
4841 4433
4670 4841
4439 4438
4438 4440
4437 4440
4435 4449
4449 4436
4397 4436
4446 4443
4443 4447
4443 4391
4391 4447
4445 4463
4463 4432
4432 4445
4463 6546
6546 4432
4453 4422
4422 4454
4421 4454
4451 4480
4480 4452
4479 4452
4457 4388
4388 4458
4387 4458
4455 4470
4470 4456
4467 4456
4390 4459
4459 4391
4460 4466
4466 4444
4464 4444
4397 4628
4396 4628
4627 4440
4627 4630
4628 4838
4838 4840
4841 4630
4929 4988
4988 4451
4928 4926
4926 4435
4435 4928
4926 4449
4932 4386
4386 4933
4385 4933
4930 4474
4474 4931
4473 4931
4935 4448
4448 4932
4448 4386
4934 4471
4471 4455
4455 4934
4457 4390
4467 4460
4385 4453
4479 4930
4574 4996
4996 4575
4996 4638
4638 4575
4578 4595
4595 4579
4594 4579
4581 4571
4571 4582
4581 4568
4943 4587
4943 4561
4561 4587
4561 4589
4560 4589
4638 4641
4844 4640
4844 4845
4589 4845
4560 4845
4937 4594
4594 4940
4939 4667
4582 4941
4941 4583
4941 4946
4946 4583
4586 4568
4999 5000
5000 4578
4559 4584
4584 4557
4638 4565
4566 4576
4576 4567
4566 4577
4569 4553
4553 4570
4555 4570
4564 4636
4663 4664
4843 4664
4557 4588
4569 4556
4570 4666
4666 4571
4666 4942
4942 4571
4669 4551
4663 4637
4567 4667
4998 4995
4995 4565
4995 4542
4563 4602
4572 4592
4592 4573
4591 4573
4596 4613
4613 4597
4599 4583
4583 4600
4599 4580
4561 4603
4943 4603
4592 4640
4846 4643
4846 4560
4944 4940
4940 4597
4944 4938
4600 4947
4947 4601
4947 4619
4603 4580
5001 5002
5002 4596
4758 4952
4952 4987
6547 4706
6547 6548
4927 4418
4927 6549
6549 4418
4919 6550
6550 4920
4919 6551
6551 6550
6552 4925
6552 6553
4920 4801
4801 4927
6550 4801
6554 4984
4984 6549
6549 6554
4984 4418
4951 6555
6555 4952
6555 4648
4648 4952
6556 4705
6556 6547
4647 4924
4647 6552
6548 4986
4986 5005
6509 6551
6509 6517
6517 6551
6557 6509
6509 6515
6515 6557
6558 6557
6557 6538
6538 6558
6540 6531
6540 6559
6559 6531
6539 6560
6560 6540
6560 6528
6528 6540
6541 6561
6561 6539
6561 6560
3119 6561
3141 6561
4365 6562
6562 4759
6562 4969
4969 4759
3145 6564
6562 6564
4384 4356
6565 3146
5248 5247
6371 6389
6389 6544
6544 6371
6388 6544
6374 5253
5253 6375
5257 6375
6376 6524
6524 6377
6524 5254
5254 6377
5259 6378
6378 5257
6379 6566
6566 6380
6566 6567
6567 6380
6381 6568
6568 6382
6568 6569
6569 6382
6370 6524
5259 6383
5259 6570
6570 6383
6384 6571
6571 6381
6571 6568
5254 6374
6385 6572
6572 6386
6572 6573
6573 6386
6388 5247
4749 4675
4733 6288
6288 4734
4803 6289
6289 4804
4810 4806
4806 4811
4953 6291
6291 4954
4961 4964
6284 4820
4820 4811
4820 4808
4286 4964
6293 4144
4144 4954
4144 4153
4119 4804
6297 4965
4965 4733
4733 6297
4965 6288
6472 4734
6295 4675
6522 3159
3159 4329
4329 6522
3158 4329
5251 6524
5251 4304
4304 5255
4303 5256
5256 4304
5258 4303
5260 6570
6570 5258
5261 6572
6572 5260
6572 6570
5263 6566
6566 5264
6566 6573
6573 5264
5265 6571
6571 5266
6571 6567
6567 5266
5267 6569
6569 5268
6568 5268
3160 5267
3160 6569
6522 4328
6525 5249
6542 6537
6537 6543
6543 6542
6537 6368
6368 6543
6542 6521
3162 6493
444 3770
3770 3163
3164 3918
303 3917
457 3765
414 3761
336 3747
3163 3771
3910 3161
829 3919
3168 6496
3169 6502
3171 6333
3024 6298
6298 3173
6576 6574
6574 6575
6576 6577
4610 6578
6578 4611
4610 6579
6582 6580
6580 6581
6582 6583
6584 4617
4617 6583
6584 4620
6585 6586
6586 6588
6588 6585
6586 6587
6587 6588
6586 6589
6589 6587
6586 6590
6590 6589
6591 4605
4605 6589
6589 6591
4622 6589
6593 6575
6575 6592
6592 6593
6574 6592
6581 6578
6578 6594
6596 6595
6595 6579
6596 6597
6575 6598
6598 6576
6575 6599
6595 6600
6600 6594
6595 6601
6581 6602
6602 6582
6581 6603
6605 6604
6604 6585
6605 6606
6585 6607
6607 6586
6604 6607
6607 6590
6607 6608
6608 6590
6593 6599
6593 6609
6609 6599
6594 6603
6610 6576
6610 6597
6633 6631
6637 6635
6640 6636
6632 6641
6634 6692
6691 6692
6691 6638
6637 6696
6696 6697
6615 6632
6692 6703
6703 6648
6648 6692
6701 6652
6701 6696
6696 6652
6704 6655
6655 6703
6703 6704
6707 6701
6701 6663
6663 6707
6713 6670
6670 6704
6704 6713
6711 6707
6713 6718
6634 6635
6649 6647
6633 6616
6697 6638
6698 6631
6719 6593
6719 6720
6719 4606
4606 6721
6719 4848
6591 6722
6722 6721
6723 6721
4608 6577
6577 4609
4608 6574
6594 6579
4616 6583
4616 6580
6584 6585
6584 6605
4618 6587
6587 4621
4618 6588
6587 4622
4644 6574
4644 6592
4611 6580
4609 6596
6596 5003
4848 6592
6720 6721
4606 6591
6724 6609
6609 6720
6720 6724
6722 6725
6725 6723
6726 6723
6724 6723
6727 6728
6728 6604
6604 6727
6728 6607
6606 6727
6606 6729
6731 6603
6603 6730
6731 6602
6732 6733
6733 6724
6724 6732
6733 6609
6734 6732
6732 6726
6726 6734
6726 6735
6735 6734
6725 6735
6608 6722
6722 6590
6608 6725
6591 6590
6737 6738
6738 6736
6736 6737
6738 6739
6739 6736
6738 6741
6741 6739
6738 6740
6740 6741
6742 6743
6743 6740
6740 6742
6743 6741
6744 6745
6745 6742
6742 6744
6745 6743
6746 6747
6747 6744
6744 6746
6747 6745
6748 6749
6749 6746
6751 6737
6737 6750
6750 6751
6736 6750
6753 6751
6751 6752
6752 6753
6750 6752
6755 6753
6753 6754
6754 6755
6752 6754
6749 6756
6756 6757
6759 6755
6755 6758
6758 6759
6754 6758
6761 6759
6759 6760
6760 6761
6758 6760
6761 6762
6762 6763
6763 6757
6765 6740
6740 6764
6764 6765
6738 6764
6766 6742
6742 6765
6765 6766
6767 6744
6744 6766
6766 6767
6768 6746
6746 6767
6767 6768
6769 6748
6748 6768
6771 6768
6768 6770
6770 6771
6767 6770
6772 6769
6769 6771
6774 6771
6771 6773
6774 6772
6776 6777
6777 6775
6775 6776
6778 6775
6773 6777
6777 6774
6773 6778
6770 6779
6779 6771
6779 6773
6779 6780
6780 6773
6780 6778
6780 6781
6781 6778
6781 6775
6783 6784
6784 6782
6785 6786
6786 6782
6786 6787
6787 6782
6789 6787
6787 6788
6786 6788
6784 6790
6790 6785
6784 6791
6792 6785
6792 6786
6792 6793
6793 6786
6793 6788
6794 6795
6795 6793
6793 6794
6795 6788
6788 6796
6796 6789
6797 6764
6764 6737
6737 6797
6797 6751
6751 6798
6766 6799
6799 6767
6799 6770
6765 6800
6800 6766
6800 6799
6801 6800
6800 6764
6764 6801
6797 6802
6802 6764
6802 6801
6803 6802
6802 6798
6798 6803
6805 6803
6803 6804
6805 6802
6798 6753
6753 6806
6803 6806
6806 6807
6804 6807
6807 6808
6810 6804
6804 6809
6810 6805
6812 6809
6809 6811
6812 6810
6814 6795
6813 6815
6815 6812
6813 6816
6815 6817
6817 6812
6817 6810
6818 6805
6805 6817
6817 6818
6802 6818
6818 6801
6748 6819
6819 6756
6769 6820
6820 6819
6772 6821
6821 6820
6774 6822
6822 6821
6823 6822
6822 6776
6824 6776
6826 6787
6825 6789
6827 6796
6829 6796
6811 6830
6809 6808
6808 6830
6735 6799
6799 6734
6800 6734
6734 6801
6801 6732
6732 6818
6818 6733
6832 6733
6733 6817
6817 6832
6833 6832
6832 6815
6815 6833
6816 6833
6816 6834
6836 6794
6794 6835
6793 6835
6793 6730
6730 6835
6792 6730
6730 6790
6790 6731
6791 6731
6791 6729
6727 6780
6780 6728
6727 6781
6806 6755
6755 6837
6838 6837
6837 6759
6759 6838
6839 6838
6838 6761
6761 6839
6839 6763
6763 6840
6840 6756
6819 6841
6841 6840
6840 6842
6842 6839
6839 6843
6843 6838
6838 6844
6844 6837
6837 6807
6820 6845
6845 6841
6841 6846
6846 6842
6842 6847
6847 6843
6843 6848
6848 6844
6844 6808
6830 6848
6848 6849
6849 6847
6847 6850
6846 6851
6851 6847
6851 6845
6845 6852
6821 6852
6822 6853
6853 6852
6854 6852
6854 6851
6850 6854
6856 6849
6750 6697
6697 6752
6696 6754
6754 6697
6754 6701
6701 6758
6758 6707
6707 6760
6760 6711
6711 6762
6762 6716
6716 6757
6757 6715
6747 6715
6713 6745
6745 6718
6704 6743
6743 6713
6703 6741
6741 6704
6741 6692
6692 6739
6739 6691
6691 6736
6736 6694
6601 6835
6835 6600
6601 6836
6600 6730
6599 6833
6833 6598
6599 6832
6834 6598
6834 6610
6609 6832
6770 6869
6869 6779
6770 6735
6735 6869
6869 6728
6728 6779
6728 6608
6869 6608
6869 6725
5014 4258
3012 4702
4702 3470
6336 1305
3470 4315
4701 3471
3471 5222
6870 6871
6871 4533
4533 6870
6871 4534
6870 4664
4664 6871
4843 6871
6870 6872
6872 4664
6872 4558
4533 6872
4533 4541
4541 6872
4151 4821
4821 4152
4151 4406
4167 4406
4167 4922
4922 4342
4361 4971
4361 4839
4393 4839
4393 4838
4399 4985
4985 4400
4399 4983
4433 4840
4840 4434
4504 4529
4504 4530
4534 4506
4534 4842
4659 4515
4515 4660
4671 4936
4671 6546
6546 4936
4923 4983
5262 4983
4659 4673
4660 4530
4515 4530
4400 6873
6873 4951
4985 6873
4152 6874
6874 4953
4821 6874
4972 4363
4972 4973
4923 5266
5266 5263
6291 6875
6875 6292
6291 6876
6876 6875
4342 6386
6386 6379
4434 4838
4433 6546
4972 6555
6555 4973
6555 6877
6877 4973
6379 6573
4953 6876
6874 6876
5263 6567
4143 4153
4143 4424
4424 4193
4353 5262
5262 4354
4358 4363
4358 4391
4445 4431
4431 4446
4462 6546
4462 4936
4517 4653
4531 4498
4541 4529
4531 4515
4193 4425
4425 4921
4517 4936
6554 4950
4950 6873
6873 6554
4950 6877
6877 6873
4956 6289
6289 4957
4956 6290
4359 4711
4353 4418
4354 5264
5264 5261
4957 4803
4803 6293
4921 6383
6383 6385
4446 4392
4445 4464
6554 4985
6385 6570
6293 4145
5261 6573
4540 6872
6871 4842
4102 6878
6878 4103
4102 6342
6342 6878
4104 6292
6292 6306
6306 4104
6875 6306
4103 4955
4955 4104
4103 4956
6878 4956
6878 6290
6878 6308
4987 4648
4802 4927
4802 6549
4802 6554
6517 6557
6557 6518
6518 6558
6558 6526
6527 6559
6559 6528
4624 6548
6551 4745
4745 6550
6551 6504
4710 6553
6550 4712
4972 4648
4948 6547
4948 4624
4646 6552
6517 6504
6560 4371
4371 6528
6561 4368
4368 6560
3481 6561
3481 4368
4951 6877
4949 6877
4221 6428
6428 4218
4321 6505
4321 4746
4713 4340
4383 4340
4376 6387
4380 6310
6310 4377
4340 4386
4471 4476
4471 4473
4490 4486
4490 4521
4537 4492
4537 4554
4552 4554
4552 4555
4619 4614
4614 4620
4650 4367
4367 4651
4650 4364
4654 4523
4666 4555
1209 4364
4696 5222
4338 4321
4728 5286
4728 4197
4197 5286
4379 4736
4834 4450
4450 4835
6366 4910
6365 4910
4914 6449
4835 4449
4928 4438
4438 4929
4934 4458
4458 4935
4654 4469
4582 4942
4600 4946
4834 4624
4968 6288
4968 4694
4651 4925
4925 4970
4988 4442
4988 4439
4990 4477
4990 4527
4992 4526
4992 4501
4994 4481
4995 4543
4997 4566
4566 4998
4997 4574
4574 4999
5000 4591
4591 5001
5000 4573
5003 4613
3482 4214
4214 1754
5276 4194
4194 5273
5276 4222
5294 4726
5294 6349
5313 5315
5344 6448
5314 6447
5346 6350
6350 5347
6297 4732
6305 4694
6305 4695
4377 4695
6371 6543
6389 4372
6389 4373
6420 6421
6421 4910
4908 4736
4218 4222
4221 6343
6358 6440
6440 6356
6443 6354
5346 5316
6511 4319
6511 6520
6520 6519
6519 6526
6526 6527
6531 6538
6538 6532
6534 6532
6534 6536
6542 6536
4376 6295
4929 4439
4928 4421
4935 4387
4934 4473
4939 4946
4999 4573
4942 4665
4998 4546
4945 4619
5001 4590
4970 6553
6553 6556
6559 6538
6559 6558
6371 4373
6297 4966
6525 6368
6588 4620
6577 6597
6582 6606
6601 6597
6583 6605
6579 5003
6602 6729
6784 6776
6775 6791
6813 6811
6813 6794
6783 6826
6814 6831
6794 6834
6781 6729
6836 6610
6527 6558
6556 4709
4089 4174
4776 4112
4112 4154
4154 4776
4112 4085
4085 4154
4088 4175
4141 4175
4270 4199
4270 4797
4094 4271
4404 4403
4403 4405
4408 6876
6876 4409
4408 6875
4412 6875
4147 4415
4404 4343
4343 4689
4691 4351
4351 4692
4699 6336
4776 4080
4405 4808
4141 4180
4969 4398
5006 4095
4692 5268
5268 5265
5006 5360
5360 5269
4796 5360
5269 4778
4409 6874
6874 6284
4412 4686
4686 6307
6479 6319
6319 6480
6879 6480
2877 4701
6346 6339
6347 6339
6341 6345
6307 4413
4689 6380
6380 6384
6340 5279
6341 6337
6347 4271
6478 4827
6478 6488
4429 6489
6563 4969
4693 6565
6565 4365
6384 6567
6284 4821
5265 6568
3102 4368
4729 3484
4326 3484
3772 3667
3772 3881
3772 3882
3707 3882
3709 3879
5240 3709
3708 5233
3711 3785
4155 4085
4776 4113
4775 4113
4128 4093
4128 4090
4138 4772
4772 4139
4771 4139
4177 4149
5224 4149
4158 4086
4158 4087
4147 4178
4140 4178
4083 4182
6314 4182
4140 4158
4129 4161
5287 4197
4765 4229
6314 4417
4177 4679
4797 4724
5274 4728
5273 4728
4722 4798
4722 5354
4823 4890
4191 4160
4766 4228
4894 4897
4149 4102
5224 4102
4893 4676
4976 5300
4677 5225
5007 4892
6353 5285
5351 5289
5348 5294
4270 5310
4722 5325
5354 5324
4721 5285
5356 4796
5355 5334
4773 5355
5357 4091
6315 4739
4739 6316
6317 4826
4826 6315
6318 4827
4827 6317
6479 6318
6483 6321
6321 6484
6323 6330
6322 6329
6325 6329
6327 6328
4684 5227
6342 5224
4726 6348
6350 5284
4195 6408
6425 6408
4896 6327
4132 6411
4133 6412
4224 6413
4251 6414
4252 6415
6416 6365
6418 4910
6422 4907
6422 5297
6422 6395
6425 6424
5298 6398
6407 6400
6398 6424
5283 5310
6463 5288
6482 6491
6490 6481
4894 6491
4159 6488
6500 6501
6501 4417
6503 6499
6499 6316
3495 6500
6500 3496
3495 6501
3497 6503
6503 3498
3497 6499
5273 4197
6364 6419
5347 6349
6421 6419
4111 4085
4111 6879
4110 6879
4771 4091
4139 4090
4139 4127
6323 4136
6486 6320
6485 6484
4772 4778
4138 4775
4137 4113
6321 4110
6483 6879
6482 6480
6342 6308
4104 4899
5234 3500
4812 3500
3502 6472
3502 6473
3022 6473
1769 4347
4347 3503
3504 5234
3504 4809
3496 6499
3074 6501
4253 3173
3500 4813
3017 6475
6475 3505
3498 6498
6498 3506
4215 3482
3506 6332
3159 5248
3505 4239
3503 6382
6382 3507
3015 6476
6476 3508
3508 6466
1784 5245
3507 6569
3148 4693
4806 3509
4810 3509
4810 3504
3510 4815
1807 4349
4326 3158
3511 4805
3511 6309
1330 6309
